13723
15756
11317
15745
710
17607
8588
3558
3862
8457
15023
2569
1801
4156
8132
295
12034
1761
7892
13091
4424
4686
4051
8805
8411
13729
7882
13330
10094
5137
3289
14377
4556
10422
14714
7926
16860
15860
10539
10624
9795
9473
10236
3040
772
706
19117
6575
7733
4020
2786
16154
15426
9747
6902
12851
4460
3452
18071
12462
6171
19140
15795
19841
14709
4070
10127
14872
1614
16757
19461
16259
3959
15342
1142
5780
8968
3877
15726
1176
9237
8425
10680
7700
83
18575
12705
13182
18855
3921
10592
14190
12309
12013
19705
13506
18133
18943
3427
19331
18662
13150
10864
5850
10493
1581
9561
785
6456
6851
12710
16011
14460
15804
7981
16028
2951
13298
12004
15337
2011
1211
15305
17570
15515
7881
2387
4415
19177
3335
6476
765
4747
2232
576
3378
17573
8603
19768
362
10026
19853
8961
15231
8587
7776
11684
19215
10171
19641
16503
8449
5141
7477
7609
7426
13294
4290
4196
10039
770
4526
16542
1876
18062
15743
4593
18693
16253
14756
13626
11916
5947
9631
14889
12147
9731
13546
11333
19569
4579
13941
4893
8755
2439
10657
166
9005
1868
15299
16111
2087
4018
15899
13433
18611
1128
12261
4591
11023
837
8601
10146
12827
15214
5532
17446
18972
18465
10993
16814
4472
13245
12541
14271
11241
2994
14102
8579
8979
11010
560
11785
5382
18476
8336
17716
11988
2305
2533
11055
13798
12536
13742
4147
18899
6379
1916
879
9787
960
2901
18164
15922
11249
2415
19796
7268
6737
12434
10475
16733
11759
16414
19997
7891
4955
3284
4456
3768
8837
9808
15871
4154
8139
14336
7124
2558
6225
5759
2052
1902
3603
2329
3277
18087
9210
16759
7827
9080
1725
10198
834
2706
1538
6465
18460
12962
9633
13646
19129
18892
3371
2212
7440
5968
6598
4567
1049
12786
14848
13398
3658
5185
622
17099
8098
17345
15109
10090
17834
7467
15694
1752
9070
500
5983
12768
16010
9836
588
17528
18030
14507
7660
5979
6270
175
16510
16485
16002
16405
3805
6807
315
17553
1846
218
6906
2014
5208
9946
866
3812
17923
784
2726
14981
7198
6796
15393
3096
3169
16621
6167
9541
19998
11273
4630
8910
250
10131
7312
1308
8781
19083
9989
17813
6720
5702
15655
17253
5391
3626
892
4410
19807
16559
17426
12931
10189
12500
2316
18728
18794
15311
15298
11699
6912
3560
10628
3069
9398
17810
11132
17234
8227
6840
17342
13853
1260
5669
3029
15489
4413
17886
1933
19956
13954
12277
935
8329
3665
7896
19244
13826
1594
15314
12312
8368
5914
9279
9069
13733
5394
17073
348
13202
15050
5868
13307
3194
6146
11556
16969
3402
14291
13959
4408
6953
5201
8042
13467
137
611
8555
316
12188
16784
8957
7483
17267
372
10827
3638
540
6915
4987
14500
13197
9754
1235
2511
6503
5428
9854
7649
16876
5539
18724
15090
15641
8183
994
15147
14086
2031
1962
10260
18843
14861
4973
3574
17816
5458
17859
14761
11109
8092
16416
18651
11299
2512
13571
8413
15780
14172
230
1394
4557
19871
15644
14461
3578
12157
10140
17752
8826
13690
18740
3338
7653
6508
13833
5893
603
4310
16212
13545
2166
2789
16215
8160
1105
19926
2064
12265
13030
13850
1036
15021
6282
16736
13594
15295
17701
16186
10596
17654
11480
5411
2498
7907
10886
5369
15876
18130
10393
12581
19113
1762
1018
2360
13354
15217
19682
7284
1152
6707
7334
17401
9812
4719
17217
11819
12843
17004
17998
15620
3526
11219
10661
13990
1393
16120
1026
9517
8030
1317
14986
4421
16786
10808
12352
17681
2481
15053
9413
7826
19573
11769
620
17053
3847
12080
17464
28
9639
10524
7996
6656
13103
11526
13413
8230
15363
10482
4207
10411
2171
19400
8385
6097
1977
328
19321
15475
4294
4159
14910
7521
11702
13274
18028
3332
4128
17848
9140
4617
15576
17423
12852
2863
10248
7299
6359
7356
692
18360
8047
18249
18599
13191
2454
8492
3770
17888
7172
15543
8221
2370
9035
830
5476
12073
12761
7132
6494
12840
11993
11808
468
16053
2050
18107
19979
6409
18623
17593
19255
14381
5289
8743
13024
11816
14330
4928
19349
11047
16654
4378
11179
6704
8776
8177
13555
14465
9094
15567
4297
255
7989
16064
17894
18720
1410
15059
3391
135
10288
18405
3206
7760
3662
12957
6362
17411
6879
19868
6264
2554
8490
8184
17516
19712
10085
16334
16367
18193
16988
18418
13991
16269
12133
269
10566
11496
3099
13942
16665
10257
11181
854
870
3677
13037
19936
6838
12168
15963
9615
11079
6056
7339
6306
14680
16447
15152
3716
8720
17190
9025
1639
327
8750
17134
9878
8909
6777
16046
11914
17687
2535
5303
9201
16871
6457
13124
17188
1932
11555
8095
13617
13929
12319
13390
826
2435
18697
18461
16963
18273
18178
344
15212
153
19055
9014
17364
10355
19223
4503
19527
7874
10050
18437
13442
5400
10742
5032
9926
11701
11227
14955
4762
17405
5814
15199
6375
9889
2322
12564
9081
11019
7487
1618
19917
3782
2677
9427
11771
7880
2893
2114
3623
15156
4932
698
4689
70
5220
1503
9319
11896
15518
4609
10293
17905
8179
14101
16460
18390
8822
14037
19122
14704
17186
3109
3255
14362
14633
9033
3704
10160
12342
12415
731
12325
14491
19852
16697
4886
15786
1015
17200
15048
16856
8987
914
13910
2260
8996
2269
12099
14525
16724
19198
4225
14815
11131
18290
2229
4698
7307
10336
14348
19141
4166
11089
10959
11761
4231
6104
3128
11122
6373
18673
19708
17550
3624
10095
15985
7824
14752
690
12272
13829
1124
10620
9962
9478
16094
6406
19100
5853
11515
6708
15174
1082
9204
18218
12657
14789
1314
19696
4663
9895
19890
6158
8242
18750
10916
12263
15002
19883
8236
5557
3070
19786
11024
11184
13238
11169
13760
7342
9546
16504
5568
19783
3213
8088
13512
3806
7940
9997
18505
12128
12293
5558
13577
1481
19502
7184
7561
12888
2379
416
19928
12942
13783
16255
5118
1891
7350
6083
12984
3688
1077
8091
17197
17825
1824
14828
5545
14199
15132
1373
6223
9676
3968
3741
3860
13963
11245
4905
5422
9797
9374
10938
7111
9641
9049
5546
4038
5408
18110
13754
2586
7465
5100
8217
13186
12510
1849
2275
8438
12873
15018
7901
15036
13925
7795
11050
11937
6713
11465
6872
11403
9087
6920
3308
4119
15355
12632
13807
19395
3555
19109
4275
4774
11402
3767
17562
12620
17926
377
18944
12143
4487
1658
13339
15382
12335
3663
14210
90
18953
17381
12152
193
17756
5203
18500
4795
3454
4896
4232
9585
19751
2718
6640
11096
14527
11043
18186
13352
13179
14296
9325
1509
12650
719
10042
1189
13125
19966
11267
11230
18829
17211
18395
4962
8476
11779
16264
11141
15866
9685
9525
17418
11957
10667
4005
14557
7517
12120
16729
14921
4980
11171
14212
8325
11304
7580
18880
15166
15470
7013
11423
10765
10210
19418
11703
11424
11554
10724
11307
17153
2277
8870
12388
402
15159
19366
5120
16794
2480
17953
16610
10166
4249
4970
6106
419
12748
12925
13765
3708
8493
7966
15309
15640
10017
12009
11002
18040
778
18278
5771
1528
18034
4930
16961
18558
3653
14344
139
15753
7191
17524
12790
11204
9647
6660
8565
5512
9944
11888
11111
1346
747
15834
12244
1088
6855
17150
4935
9555
2688
6862
2700
10194
15536
5901
2615
16452
18307
17604
6181
8462
2925
16332
14265
4158
4929
8114
19678
1455
6482
832
15551
9586
12195
7572
13363
15460
1572
361
16708
3441
12844
3181
11853
8985
3475
1125
7248
9086
10780
16619
1305
8710
4713
14991
1505
9900
9036
12191
15706
12298
3696
4488
15767
1013
2245
5103
3259
10643
1041
11009
4706
7546
4049
708
1432
13489
605
10928
5262
7639
6119
7365
16514
9860
5505
4966
6028
16191
1747
13266
3666
4000
4319
693
10444
15849
13430
5092
2388
640
12059
18066
7788
14109
17375
19814
8347
12103
8689
6621
964
5084
17793
8334
15264
697
9093
3872
7770
11377
9535
6768
19854
19914
205
3839
16780
4107
3928
15282
17787
14164
16526
18863
11208
1859
771
13930
17620
19487
548
5659
16533
6293
7001
2213
281
11427
11990
10621
18214
10677
1464
7233
4571
2143
17141
1969
430
3917
6472
5332
17949
19399
19859
12777
17245
8997
12930
13000
19646
12431
13755
6705
16063
1400
1865
5912
15799
14481
9694
5951
7122
2723
833
14667
6715
17425
4013
9144
699
6131
8399
5073
7899
6881
16940
6686
4193
17357
33
10828
8151
2524
4502
13893
5207
16295
10134
12088
12522
16585
14745
9354
5804
5403
6983
19748
1735
19553
13818
16853
6305
15784
5563
11623
13685
16158
12846
17960
13920
599
6227
3031
8795
8945
10016
19450
16291
10606
17048
14914
3209
10340
9924
4691
10294
7602
6996
10447
19124
8197
8100
8981
2422
14174
8205
8731
312
12339
8243
16572
9041
3201
12911
14175
405
2875
509
9931
3544
10296
1557
19904
1194
17458
7115
16073
2981
4647
18873
2408
14615
11545
144
12821
10265
5635
15859
13243
10119
907
639
6254
3171
17869
16043
16939
4569
19119
442
5518
1832
16678
6935
15151
196
1385
11034
17265
15974
12913
17378
11078
16732
1087
19710
17658
8460
16349
12166
16748
17940
3512
17461
248
19041
17289
9443
18927
13505
9200
18226
11802
15064
1729
8419
13635
11601
15658
14062
15307
3358
8902
12551
17792
4233
17440
12349
18204
9468
10374
9476
15078
7869
6706
2792
380
5018
318
1952
674
2637
397
5295
5690
16895
2399
12660
16684
5790
4326
8954
18524
15165
6460
9039
19893
9729
9047
14366
10417
2992
2207
17064
17629
12940
11711
19802
8241
16119
6987
4419
18588
15464
17934
1413
6219
4600
12864
4115
10994
7346
12053
1625
17492
11484
15855
13998
11466
17928
7961
19521
3187
17103
1901
54
3024
13586
8450
19944
1222
6217
16575
5637
8366
912
13651
3784
19865
15357
14512
5451
1570
16793
14640
14688
4043
3118
7671
9508
9466
251
3701
19077
1441
10773
5556
9309
3143
13381
15527
10124
17038
5595
11949
14091
16582
1329
19994
16720
14691
18222
17059
7277
17595
16365
13610
13107
11502
19873
3064
5283
17146
15594
19961
15969
10681
12223
11048
438
11224
12918
10591
8182
5351
6683
13653
11140
4687
9235
6247
967
4289
7906
16246
17119
2004
4627
19889
6568
12386
6810
5964
13968
3673
4899
7271
3470
19207
11414
17195
1777
5626
4019
14992
9288
16777
16438
18275
15208
10785
6976
17027
4478
6929
1759
13385
4610
17597
10778
6446
2573
9552
15692
2930
16852
3479
10352
6112
5246
12645
4464
7949
18162
1295
10503
15809
2195
6760
551
18862
16825
2182
4817
8684
19858
14978
3855
12812
5052
3823
7039
3032
7941
16658
7945
3142
5881
4951
6114
12160
15249
4110
18580
2777
1301
6157
6197
6361
3724
14243
13426
14327
13536
17012
19288
16840
18029
16242
598
7713
12824
1604
6432
12345
5130
17659
7221
12919
16565
7967
13159
3254
11443
13402
14341
1537
2924
44
1825
4769
5693
3298
7532
11757
4924
722
3057
11998
4990
15222
2354
13376
17414
18814
7734
3567
14490
16339
10912
13459
10519
7631
13904
16284
6615
3025
14055
7322
13393
6982
8432
6082
13822
3897
15714
14435
2542
8578
9495
2691
8738
5440
10086
3159
16629
2991
10990
1060
14157
16202
18668
11162
9037
4412
1742
16894
12001
5250
6958
15457
6730
10329
1794
16124
19547
11781
392
11639
11237
19905
10514
12532
16066
12374
14022
15105
17748
17360
14646
8297
13565
923
14708
8958
12275
4031
11928
12833
18796
4644
2582
2878
594
17864
2693
471
16352
5900
4903
2111
11337
14813
18704
1949
17575
2961
4099
9932
12507
6761
18952
7862
14710
11774
10263
8152
12390
8531
6678
2106
11425
2559
9366
3681
12952
5182
11641
15487
4190
5997
1845
16356
16308
10571
15961
3676
2892
16531
2160
13567
7422
4710
8321
7050
18503
11201
8808
2985
14963
1494
9409
3957
1434
13938
9988
9369
15302
16835
9352
7670
6046
435
11889
10299
6576
12085
18160
8504
13254
201
3204
2320
4083
8271
1590
13193
14227
16975
13781
7661
16839
18346
12568
612
296
7057
5205
18382
2877
19947
13868
15167
13787
13984
18361
5397
17872
306
9915
14528
16071
17971
11913
17120
8395
15046
9351
16946
3865
8749
10061
15635
10871
2614
16647
10941
381
7403
19562
5094
11628
7584
11532
13955
10007
12467
1603
9497
10395
6734
5474
17996
1979
13216
12723
1864
8078
16014
19950
3871
19582
226
11683
5273
12091
8907
14448
18036
13007
13879
16964
16911
8074
17666
11971
12045
7587
10222
8125
18191
7803
12746
280
10821
2708
11393
12404
9842
18159
2539
17060
2764
18955
12069
1754
19828
12486
3387
1766
1290
13040
14141
552
6287
6893
13509
7094
7164
15872
10201
7620
8505
2396
18875
3500
5617
12369
3412
4349
189
17355
13875
2784
14706
19205
3920
11726
8316
6149
11183
2686
6937
3047
3476
6927
7925
9135
15643
9339
11130
10292
1885
3377
2957
19622
11864
16497
9183
16020
7738
3285
7886
6975
11125
1939
823
12465
4181
18047
13383
4954
5959
12847
7241
7430
14349
11012
15047
19973
7746
352
8464
11786
6191
10268
2377
3158
762
10914
9837
3244
14621
9748
122
19126
19907
17455
8585
6752
5694
10103
7489
15258
10880
2644
14368
13601
9249
16669
2296
1679
8998
3205
15634
394
12735
13184
9873
9356
6240
12538
2266
13615
6938
19657
12850
14371
14427
11535
5665
10668
17480
11085
3164
7626
9717
15825
14546
13162
11575
7393
2088
6775
18270
9095
16563
15444
6399
11355
17263
15407
2543
17102
7226
19282
2304
1102
11318
5651
4646
11804
7930
5920
10577
8935
15412
18604
2418
18247
18801
2100
9582
2071
529
15596
16166
113
347
11872
2063
16450
11108
11931
4025
16845
16625
4439
18292
1782
12861
19792
19861
19350
15340
12083
17682
2306
11828
14412
2941
9790
10810
1985
2714
7496
9755
16922
6431
11452
470
17644
7061
6522
6834
5366
13865
2604
2967
18803
15389
18722
14411
3705
208
6488
9891
7144
3545
72
7787
7509
13530
6374
12235
13171
15705
15794
12430
11203
10230
19999
6303
12438
17530
1139
17578
11548
19267
3810
14274
650
10683
12738
3506
2528
446
13885
3887
17476
19385
3362
14854
411
15056
18762
18508
2523
12990
8433
249
15102
11449
9605
2882
3719
15003
10270
10191
3037
15213
17685
2210
10933
9305
4740
11366
16912
10953
10285
6064
627
7482
6067
7715
16882
8999
10464
6866
7101
10579
19155
7375
15779
6005
8158
5432
2117
4352
1243
15841
15223
8802
15452
18079
13215
17170
4221
9806
13126
5609
7736
16693
18858
1002
18781
10394
13288
16445
3598
8990
5190
3448
14420
7394
16823
19616
10278
16921
1177
4123
13161
7254
10825
9776
11558
11374
18607
19592
3346
15845
4492
13713
11174
518
18946
17340
17236
8461
11211
13337
6896
17159
18513
8852
2122
5944
16265
16379
19347
9272
14873
12792
4729
3884
8927
15956
5687
17089
7143
716
10104
709
13203
14254
9394
12947
5781
1021
10678
6577
9526
4777
10311
5238
14849
6224
15237
10490
7116
13316
5553
7821
18755
14587
16285
2116
13189
6620
14878
15375
11883
877
13262
16029
12766
17895
7047
12127
3580
4509
10829
18889
12348
2625
12789
16455
10768
14189
7395
4605
18321
13086
1474
2394
19064
16041
5823
16397
12375
17994
11676
31
14252
7289
8757
6233
19322
15185
13441
16039
18806
375
679
1745
17020
3218
11144
2643
8532
9259
7002
850
17951
6413
16117
8514
19330
14880
8651
10484
7333
9096
6095
11195
17727
4545
10371
13678
14552
1629
16560
4431
3801
1875
7107
3392
6448
7689
10350
3835
1289
14944
10497
12734
5848
18509
14957
4755
16403
17747
10341
5922
2757
12711
6795
11503
11431
8523
3764
8632
18225
9097
9668
2627
1281
12617
16517
5890
16937
1945
5554
18650
14414
2183
3690
9813
4340
1964
571
19287
5156
11159
12694
463
7267
2807
6666
4615
14940
11561
13194
12181
18056
15638
4433
3743
17302
8219
14071
15196
12033
14707
10616
4463
8222
7494
17009
9948
16867
13805
2228
5560
5333
19587
12816
9677
5001
2272
4871
11799
19456
1097
15347
7211
2516
15054
15022
2802
9814
5178
4337
17118
10126
8649
19202
10811
6532
15288
18742
8363
7537
14792
10699
9212
13223
2092
15373
1284
6230
7648
10509
14544
14011
14701
10396
117
2507
18233
17185
7684
958
19235
13843
17763
12802
15451
388
17198
13042
11
3418
9290
8791
13087
5747
7895
13450
3641
17011
3357
13718
2952
4760
17419
1830
2486
2240
17596
17576
13881
14496
6579
15630
2104
11617
19409
16327
14200
2264
9079
1739
297
14663
1188
6369
12391
13561
16324
8458
3234
1350
1788
2881
13134
5522
9498
9208
14287
15897
11472
4708
9696
15532
2668
19382
2518
8567
16268
11482
4202
10557
8428
16107
16088
1685
5911
11228
10693
13276
1555
6253
18058
10305
631
14305
1826
3800
12141
19269
1986
15454
12598
17619
8674
6951
12989
11846
1129
15272
18644
3937
4535
18737
17467
5740
6241
308
8516
4396
18023
900
19242
3438
10703
4362
10247
1512
7382
13290
18660
17917
6898
8820
14637
5087
7794
2927
10862
2410
10047
12530
13534
15410
7829
9670
6118
3785
4213
8404
9914
19586
8417
14085
10512
4513
18147
16816
5070
10583
12205
16116
5935
6950
2598
3009
9429
2236
10691
3707
8354
14433
3962
14777
7544
9745
4570
15117
14994
19226
12533
3969
16170
2241
6653
10588
13164
16417
2027
6662
17319
16060
8051
15782
6608
10154
13624
1073
17924
3196
2975
17241
16444
16045
14595
5297
10382
6172
18054
5236
4240
353
11497
18484
19425
7066
17614
11580
10232
881
4198
5129
17069
3796
5350
15291
19197
11534
3450
16938
13166
4763
18106
3354
18490
8941
7484
6769
19301
16189
13396
5957
5986
4656
14923
10114
6381
17068
6047
14601
3605
104
10878
4684
7401
15597
93
18284
7173
4950
6550
16206
5071
13927
939
1789
19392
2123
11753
2231
16437
12117
849
4437
2344
7883
1267
16448
7156
10510
12493
9060
5875
9187
18802
12421
3341
7843
2339
15139
15727
12701
13616
15141
10018
13838
4239
12370
5418
17743
7928
6235
10622
15210
11903
18094
8889
16834
8748
14029
8412
6405
18514
13515
19892
2779
11811
8560
19492
17396
10973
8903
3849
181
1787
17686
8745
17398
14289
13221
7055
17353
10921
9890
10844
19595
5927
3731
7887
9707
10894
13061
10815
861
13447
10096
2368
12567
13609
19509
9952
13780
7326
17501
14960
10934
13419
9064
12950
13451
287
15000
16413
6711
14439
16467
3960
13756
12997
12878
14195
16614
6414
532
11925
2763
74
6964
4801
13218
4299
18049
11384
10112
16914
4776
7206
3347
14780
18409
6813
864
8188
16091
1370
2393
10454
16001
14323
16387
4781
2780
3589
8374
1984
17662
12148
18816
5452
8495
6042
9792
6297
7485
18255
277
16157
14380
1842
15818
4234
7163
11297
7950
16543
413
14625
11212
10684
6340
17801
1324
6786
10638
8406
9168
5577
19964
5393
3318
3044
6403
6516
6385
3339
7852
11005
16133
15758
12902
5996
2220
14600
19624
6729
13589
14150
3100
13379
16108
17531
489
19045
16568
1372
14713
8000
1906
17403
19131
18166
247
13737
10075
15070
6424
437
12968
9991
13649
3595
15735
16105
4765
8691
9648
3473
14284
7644
11700
16562
19036
3525
19176
18646
19429
19468
15993
19575
1686
1717
16398
11675
14858
19464
12663
9311
17322
9963
4674
11598
6496
15842
10368
14084
19514
14215
614
7003
1687
13131
3830
4875
3167
14219
2284
5142
3472
3137
18664
11664
16869
17965
2430
19428
15851
16258
4087
14605
6202
19506
11868
14337
9192
3854
10522
16704
6358
4477
17374
16081
13596
12389
3409
11695
3155
290
6427
16348
19957
18979
10344
10669
18584
5000
7858
18150
4388
5321
17692
11570
17500
13572
6672
10015
15601
18264
7837
13377
14492
7624
12592
19815
15007
6355
7199
11320
7922
6334
16075
1421
14455
10889
3587
13029
11647
17216
18530
19104
8353
2821
14748
7560
10576
7481
9825
1926
12502
17469
14516
5913
13579
18809
1775
16624
19320
15858
9307
2378
11718
16952
7920
14226
1815
8796
1369
2144
4532
18709
14187
11721
3723
13648
68
11927
15085
2494
9199
16385
14051
7600
10799
11327
12901
3405
4282
1230
17105
10473
1642
4104
16304
6041
16838
5075
2619
3410
3945
19627
3233
19900
3851
7596
582
10545
1279
7673
16636
13631
11458
18245
3263
17906
16959
95
13335
5112
4558
15667
11730
8367
16576
3798
11032
1389
14282
14114
17919
15255
19270
17084
1115
3811
7556
8024
6443
18922
16085
18560
786
4444
1047
9480
12728
2803
7146
13774
4501
12781
11847
18634
16241
8156
10877
6790
844
19695
14048
15948
5335
5027
12048
13228
5214
15488
6021
1589
13384
19220
13548
8673
9772
9634
8933
7606
12112
11349
2331
4752
12213
5080
3700
2484
5526
11722
18061
12110
15415
12651
18014
7329
11909
7575
9236
9115
17684
13697
6907
13985
8298
903
11392
9253
1264
486
3364
13056
19709
9312
17640
19594
11803
7126
12295
1900
3380
10082
11827
7686
18761
8971
9846
19699
13095
422
1860
16738
6063
1562
18874
19561
19930
3148
12686
13155
2562
15903
1451
3997
5737
16791
2913
3081
19078
3608
10833
3483
14836
7473
7679
17037
12623
10174
4450
6412
16209
12842
19088
11205
4798
15740
13939
2051
8477
8459
10291
4865
15592
14025
9906
14208
13735
739
14319
4603
13369
2223
4750
1262
15367
12198
10709
101
7458
2529
16412
18051
14794
12616
17223
19849
18905
11751
14286
51
11229
12703
6676
14326
6812
1896
16203
13478
7714
6665
8810
17657
7595
4642
2720
9534
7461
9028
11858
458
985
10362
13295
14694
16401
7816
14299
16540
17117
2442
996
3863
15877
6165
14657
5449
16651
11901
11706
16288
17136
15246
7165
11754
12671
14236
16616
6835
13255
7977
9038
19086
7222
180
12600
12003
1310
17275
761
8807
2840
13009
10975
19380
2944
1288
793
5614
19138
14583
1631
9299
12458
10195
14298
16981
4347
6515
4799
5550
2703
12485
1236
15175
7060
3456
15918
15682
963
4361
1527
9252
18928
14739
1463
7372
4645
14953
9362
7420
13540
3131
11613
17296
13028
12941
8813
16220
11510
19475
123
1972
8180
235
5787
8246
19290
15241
12428
432
16972
2156
13694
16234
389
19844
19516
6093
9960
13832
2616
7306
678
12893
6791
6117
13750
5189
8161
395
10791
5858
9016
12666
14539
1991
2230
5174
7655
15938
11520
14023
9622
18305
3457
17050
2904
8085
1856
19877
8398
79
7304
1138
13102
17007
1359
19746
9277
3958
1166
9061
10276
3618
19819
1214
11316
7594
5753
10627
2641
977
5310
8209
4626
17879
12584
17463
6295
16767
11331
9215
10954
9262
15967
3660
11592
8116
12031
6260
4257
8779
18177
12357
3134
10409
3305
6048
9972
10586
14383
12488
5755
6061
4883
376
12998
16747
19114
35
5645
9727
5981
5724
11840
1898
14820
18392
18878
7136
13172
6425
6388
17297
13380
6900
11630
1420
3892
15461
1843
17973
19778
9935
14231
2145
19304
6518
2448
7982
1418
6207
5842
23
17413
7518
9380
6747
9174
4116
14090
11523
11373
10037
7674
1127
13463
9251
19690
14766
14401
10582
6480
14568
12969
10428
5340
9856
8709
12718
14314
1946
3983
5217
5074
18853
6765
9961
1360
7912
16836
3112
5811
12743
18455
16013
14403
10711
15852
1884
15032
8862
7332
7071
14742
7864
5417
5377
6178
15934
448
8080
8314
9803
15201
11440
8835
2300
9780
9358
12456
2939
417
19101
9457
10917
14638
15994
13514
5312
18063
7520
16297
5994
1921
19848
11045
3447
5598
4211
4411
8041
6011
11321
4295
8393
3986
13688
3020
8281
7721
15183
6871
1797
17151
4182
13111
12269
18173
1165
17441
7865
15328
2674
9823
16919
17899
13717
13273
4586
10347
4122
5461
18793
4624
13414
2738
2164
4258
15455
11514
4958
12492
9660
355
11550
4664
14417
19508
17221
11114
6111
13677
16765
18427
16230
5841
2032
13332
16238
6140
11471
13016
19540
17338
11041
5971
13180
15275
11457
19578
15129
29
441
11583
11268
9043
7992
11021
1615
3397
14929
13196
7710
12825
14241
6152
10751
10038
14505
17271
6553
17827
788
9384
11139
9590
2068
3179
13070
11834
12979
15913
5014
19360
2222
5923
18048
10645
11833
15192
16372
12494
18493
15590
18297
3281
11543
12227
16690
12681
14677
1990
6917
11839
18510
8007
3127
549
7585
9578
15015
14462
8986
2635
12262
5796
4927
16998
14881
14715
17279
894
5662
1764
14130
14807
4864
14933
3266
1807
10611
2097
10187
13129
18010
6470
11250
9433
12328
15988
12254
2634
14347
8699
11156
6124
298
15750
4447
2761
1632
17474
5040
18483
5709
12779
14523
13726
5126
5708
17929
8646
5098
3543
11301
13823
902
3931
6572
10907
3941
14674
12288
15372
12639
19769
7096
371
16098
5718
1838
11865
10852
6940
1296
5943
8165
13110
18958
3994
15127
398
3536
12078
9950
4931
19559
19648
19143
10610
18132
11577
19707
11004
9044
4468
9438
12835
9643
5338
4247
19741
14080
3979
4547
3314
16537
10480
7041
288
18376
4675
2458
162
10099
16477
4952
10056
6391
8877
18642
2851
2759
5398
8309
5102
4350
18404
3177
13271
19204
11576
2325
7643
16289
19231
18452
6281
2540
11194
5024
15593
14772
14973
11835
19137
12222
11511
13199
12783
12870
10594
873
11187
11862
19499
18986
14374
17857
7263
4132
6341
8676
7153
3777
15390
3826
5316
19147
10925
16617
2783
11966
13114
3859
7355
2612
14611
7931
17348
13366
6333
18850
8265
654
18188
9404
13700
17171
10777
13682
17301
15364
12381
940
9448
4486
4271
1109
9706
2002
14280
2697
461
2348
10461
8634
12014
19096
18157
13076
5239
214
12178
11354
9444
1429
11454
6187
17424
17697
10365
4029
8919
13886
18020
9500
16188
17388
17633
6963
3510
14181
13297
15800
12358
10309
6931
11370
11459
17638
13621
12331
16854
19680
13516
8290
18526
5021
12839
4011
15171
19689
18583
10722
9084
12373
5622
19338
7253
17700
5807
16080
12672
10186
1621
8630
3650
13987
14105
11284
15995
7952
17155
3621
4279
1446
9909
63
3264
12553
9385
2292
10707
14747
10323
13443
18396
11451
7657
2917
18333
14285
1698
13523
4756
10816
7763
7190
1550
19875
1989
581
14943
7424
11088
2742
3963
17731
19486
19896
11551
4307
19167
10881
10440
13508
4695
5213
27
13825
11766
14654
2815
4435
4736
18367
5134
18183
11311
13978
9045
16128
1459
5471
383
13346
12634
18659
8562
19976
1358
6919
9858
7459
8863
8972
18573
13573
8013
8948
7042
4805
13005
19857
15847
4827
425
14467
9689
1861
7747
16789
4521
221
7167
8436
12589
10451
12159
9401
10494
472
2883
13052
2862
2552
10488
5430
18136
89
7389
3191
9524
14826
10219
11407
19
10543
876
12830
10590
3340
7291
7909
2972
4643
8797
7629
13324
18060
8070
19306
17460
8760
15128
14888
1442
3294
14560
12314
1175
18381
18963
8543
15540
5368
18243
14270
3989
14459
12642
7593
18260
14985
14636
19495
16147
19614
12596
5345
8671
19932
11836
14548
14720
8550
5354
2900
14353
17520
155
13749
18807
2268
16632
17797
12664
17254
8076
10861
9852
368
16985
9347
13122
5506
12155
7516
14988
12182
6248
11322
14399
3270
12618
17127
3905
5228
10021
15671
10335
5427
17555
14177
16470
9486
8377
7251
12868
9296
6689
7451
642
13300
11182
19697
7243
3610
4812
16257
14840
8800
18115
18128
16287
846
1645
3482
2603
2124
4228
6844
4854
15555
681
18148
1605
406
8107
17021
13736
19882
9632
14887
10360
13550
13581
18568
9428
5606
7796
17908
5047
14361
6601
17295
6024
16274
12289
12174
12892
17982
7044
12526
16282
7261
5667
11763
8718
4851
6499
3822
8638
4830
373
16892
14083
12539
16743
13722
8724
4580
8090
10010
537
6543
13896
11368
16277
7151
18423
13464
322
17714
10906
2835
3814
13138
13073
9977
17071
5696
15211
12412
16749
14837
10979
11128
10974
15360
4863
258
16525
10477
10081
3725
17316
16150
5960
7739
13636
2217
11099
9483
6091
10479
7610
1320
10372
11612
10283
18917
3760
7006
10527
439
19173
18068
12534
8148
6068
6137
11263
5139
6736
9686
7999
9355
2291
16851
18482
11324
2949
5504
15478
16048
6208
17635
5697
14228
16859
13482
5517
10698
13250
11188
7711
2372
7236
6239
19782
6464
4507
8326
8225
18674
11698
12513
10531
5691
13753
11046
7503
17789
4194
17484
2947
4045
10437
13593
15676
4909
4525
10762
13816
16160
4476
13078
2218
11715
2979
14352
5448
6262
19724
7192
4900
5701
14312
4384
5902
13771
5710
5837
9522
12392
14013
6703
11411
6332
9608
649
4325
4775
11025
565
1193
4891
13237
11731
14370
4908
9752
7370
12993
15657
1732
7847
14699
9403
9375
9074
13563
1925
2028
14718
13527
13397
10380
14014
5147
7692
17537
5247
9602
8622
18241
4588
17945
10330
2148
15425
3198
3791
6430
5589
11978
10980
5347
17310
6637
2276
16908
5209
10801
10686
283
12471
8173
3984
18287
1960
7097
4414
275
4918
3691
7133
19538
17075
19630
7234
14400
10239
6267
12052
18426
484
11563
11809
11265
13063
7171
8418
18949
12700
216
19062
2874
8832
3604
2669
11435
14825
7034
8138
6591
3776
8606
13170
19954
12999
8468
6773
3522
17106
3075
15436
341
11697
5871
6886
15099
673
13949
4680
8775
4892
2179
12595
16392
5872
12818
2722
16239
10155
2534
9822
7830
16483
6814
14773
7435
12286
9564
16496
47
13019
9939
12730
8135
9579
7778
12640
19943
164
12956
11764
15033
18317
17868
18167
4849
19053
16638
2578
10159
7411
2082
293
13686
7378
2926
8530
9537
5939
18550
9091
15968
10651
2508
179
3852
149
1357
12396
12699
12140
17407
14857
13097
12972
9505
4078
6080
7694
9612
18236
12590
8855
3415
943
19074
9408
11060
17957
10659
3245
7936
1085
19967
4520
6618
4788
14376
10457
9470
7320
8410
13591
6582
9316
11791
18126
15184
17955
12988
10449
2605
16283
10436
6599
8213
13047
16146
8929
14839
6220
6546
17508
5810
12126
1415
633
13471
19154
6317
19911
17280
11216
18805
1882
6816
9595
4063
13269
6997
145
13476
11475
6744
8592
6887
14116
1174
9845
12109
8950
975
584
7478
16976
5562
15136
102
18073
3754
9286
13614
8861
18601
1227
14834
399
18995
15399
5636
2890
3882
10918
3217
19229
11660
10603
3121
12383
14530
3592
10790
7031
15952
19011
19669
11954
13659
14039
15503
12149
7911
4113
11649
12517
13014
9849
14106
5719
8817
12018
2846
11408
16346
16967
4621
2333
17491
12218
17818
16174
13494
12187
17852
3153
1910
1068
3853
7758
6657
16713
925
7791
11938
2760
16880
19339
1252
17489
12951
1681
19731
1490
1351
7148
998
3584
4728
11923
19901
16686
12122
2069
7533
19069
15649
17047
10851
11552
3023
5863
9519
4263
10501
14170
19795
15463
18544
6294
3635
3831
17447
9377
12332
17809
15092
1332
4766
6779
3674
4312
11300
11568
651
3237
8199
19726
3914
13607
320
3751
16443
18319
13287
10273
19208
18441
11518
16109
14088
12136
909
14067
16316
767
17361
14647
12924
8866
2455
2601
2732
421
13772
2374
4649
14456
5048
9680
14900
11942
9333
11217
14799
7765
3444
12769
3563
8134
14916
14213
5798
13312
10569
4759
16354
1069
13762
6092
14853
6629
16571
2369
9009
7853
1586
3156
1551
6322
12300
9850
17791
11363
15256
12871
4108
626
6129
5258
12414
17072
5679
16329
6845
5401
4797
6311
6613
14307
2169
16862
6259
15294
10900
18387
713
621
1244
8848
5972
16432
17158
1145
6485
12960
9746
8181
16603
11604
257
2704
13699
15973
14902
19170
13775
15885
4422
15261
16685
2657
17390
19948
18006
4771
5342
4790
11845
19556
17778
267
13434
6284
18900
1205
882
18081
14871
1299
415
3787
3449
19833
2613
1148
14463
17193
17511
8773
19579
9278
7802
13849
10658
12186
6748
5519
10065
7553
13241
2465
1746
5674
11077
15730
1199
5291
15420
12137
9446
18661
14407
11474
3970
16633
1029
6839
14360
1810
1074
5592
4808
17580
19737
1184
10455
18620
1323
1044
6088
14059
15016
15747
4366
17477
15387
4296
6645
9865
9303
4044
110
811
7833
13766
4321
4856
4142
2191
8665
736
14031
3721
8533
11493
8189
5256
10654
15651
2715
8864
14153
5540
15397
17909
9699
10483
12278
8142
13795
16752
2922
9848
3679
14866
5076
855
6626
6510
10390
11742
10692
13190
17694
1536
11719
19739
16321
9880
5072
7246
19309
18180
18313
103
7695
3858
8705
19040
16827
15615
18410
13032
16275
2884
19438
4712
13994
4920
15227
735
18378
7603
15528
11625
4320
11477
228
19621
609
15209
10383
15718
12201
13931
13928
19024
17243
17311
2134
4512
2752
11134
13264
14705
12101
18005
18477
19171
18945
10888
1191
17412
12591
5819
513
10298
7900
19971
7213
16886
5199
1756
19054
13562
6308
9553
8304
7612
17330
7513
3027
10495
18403
2798
1005
17058
11542
10430
8039
10424
14643
18931
4481
18981
7256
14450
1584
2168
19835
14532
9834
2450
2453
3765
18713
14564
8192
2932
6821
14419
14302
3445
5791
14632
11842
11637
18454
7743
19920
32
11661
18149
17176
10696
14410
19341
924
4100
14623
7785
16181
6040
4173
3192
14810
19444
18799
12025
243
11653
18515
11166
4106
6186
3507
17008
14035
1091
3568
13645
5668
19862
19212
19649
12361
541
15865
4374
7119
3290
8262
16667
7965
14509
11113
4956
16618
9112
13480
1937
9700
7675
3511
2584
15823
9951
15383
18548
15506
2986
8838
6315
15868
2553
2595
9405
8031
6567
5898
7979
6348
8916
2682
15624
16740
14920
16429
4467
17238
10535
4375
19498
1727
16493
6766
14522
13971
16580
9
17227
13104
6447
12162
16219
15563
53
19021
4944
11670
13495
15801
17871
7338
13570
464
18914
8232
19465
18151
18394
17535
17055
2666
18691
10629
11984
13422
8118
16861
17807
14952
11952
10593
13936
11433
18308
18355
5456
2390
6860
19430
9621
2993
10789
3252
6999
11572
18004
6050
5821
2811
14526
13394
1081
623
2650
17734
152
6654
1242
729
5655
1667
10108
3406
3208
8018
3935
561
14110
19637
959
2135
9053
5415
6502
1485
1419
5760
8548
5827
6611
12971
8004
12742
16243
1303
15530
3267
13831
9345
1337
5101
9898
17129
1616
10836
11739
2319
14073
17832
2946
12848
4429
16984
13947
18069
11944
1096
10924
12280
18637
5663
1659
5442
1316
9966
8544
1012
18220
14432
5496
9894
6174
11826
10234
19885
7681
3160
10101
11022
3165
3442
81
13777
17434
15828
11232
2591
17592
8546
10238
7353
11627
18702
12643
19257
16471
15482
18064
18557
1968
17336
18630
17045
1867
17114
9617
16357
10674
8083
15880
17371
7341
2239
1823
11218
10771
9609
3123
2687
3388
1213
5138
15904
10967
14577
9178
6767
14345
6561
13404
120
8485
11295
9365
14970
3632
3611
6585
6897
12231
8742
10078
7352
7567
18431
17631
8194
9832
5110
2746
11412
13305
14879
2965
8008
6310
9191
15759
6433
4117
18647
15250
19962
17526
13468
1733
17721
1790
6869
6818
12089
18457
1709
6955
5304
12627
8522
17732
8552
18968
7492
5544
12856
1978
6956
1574
325
10704
780
13628
18597
18356
11362
13357
5586
7141
259
11956
857
1341
9421
4085
1691
1362
19625
4208
14390
2950
11642
9934
3320
14389
1022
12514
18280
18134
14634
743
19686
19136
8836
7599
16541
14999
7818
15017
7659
18170
19720
8722
5252
7839
4754
13403
8248
13517
668
18109
14725
15010
4343
9921
1427
18336
16666
16990
12717
17626
3720
14519
12684
7627
14924
8306
19107
5921
19005
10520
7004
19598
7958
606
17207
12752
9214
6142
1520
8874
9338
14948
14811
16552
16229
10542
6400
2816
17135
11818
662
10972
8811
5792
5114
13143
6728
477
10446
20
8420
14660
6170
9581
8801
6741
7486
16960
13784
1330
15548
16942
15240
9136
15710
16682
9274
12334
18552
14027
2640
1070
4146
2903
8541
3972
3082
12529
19504
11429
12575
4012
17309
2118
9830
10228
15987
4466
15029
13819
4941
10148
12759
16058
4767
10730
18677
111
11052
14977
11579
16949
18253
6911
12245
7388
13687
14452
19728
6641
17130
7557
2006
14424
12712
12687
8599
19291
15891
9241
891
3396
4869
17851
13391
15970
14769
19219
13205
12043
15586
16863
50
17449
11969
487
10525
13074
1078
4459
10504
18238
5380
3249
12986
7437
9346
3564
3211
3930
4613
4254
4001
4959
7480
1403
16518
4568
5666
11371
4482
2772
7227
15627
2127
6218
803
7871
8590
14458
12476
1973
1559
98
4118
16362
15559
11436
8712
5039
3008
14486
4473
3827
12905
15873
816
12114
19774
7279
6833
3789
3883
19493
18197
4742
13055
460
3594
5286
2576
18825
13542
7434
17646
19072
8500
7957
3790
18027
2066
16635
18690
8475
5067
17219
11416
15996
2274
11400
577
8686
15221
18698
13744
723
1539
13911
4210
13253
5359
11887
1282
351
3913
15498
15376
4844
14639
3840
15797
734
18127
6954
10961
9170
6592
15030
14867
19186
6616
4517
16941
10129
4383
11438
8435
2262
1757
9767
3588
5652
3763
969
5150
4471
5466
15205
17735
18216
14104
14234
13590
1623
8291
2628
9866
2659
15362
17916
5527
9282
9104
12676
2520
18907
7295
6597
18389
5173
19663
8204
18582
12747
16106
944
10227
18608
19187
8119
19057
5551
11239
6914
18274
18667
5797
7281
17313
11253
18785
2655
7801
10872
9454
4858
16813
18705
6199
12452
19262
12487
4523
12173
7536
19390
7959
112
2831
704
13173
11537
13716
307
6668
7772
9589
19116
18161
9957
17369
6070
9757
1997
2929
2334
11007
13279
4601
12498
18478
19032
2022
426
9088
18330
11175
9147
18217
9515
16888
223
4130
2663
6001
7048
15508
17276
2609
19264
19099
7810
15879
15072
8768
7207
2188
1428
12118
2194
14168
7720
16036
4167
15569
8195
19311
2008
12055
4859
386
19655
2538
12882
8268
19500
18416
8358
17016
663
4604
4634
15769
5977
15625
18746
10951
19898
5431
17925
7280
19018
7376
13022
13566
4831
7915
16661
16236
1601
10640
17315
14559
19661
10560
13597
7905
16929
6090
8157
18154
14021
14325
2054
14426
8167
15293
17266
9554
17305
12932
3685
3490
1472
6743
2365
10256
3684
8129
5007
15188
7809
14264
19398
2563
17518
18497
6468
8976
15400
6565
8525
16698
12866
1573
7366
17485
16700
14358
16755
18886
190
12980
5833
1993
5376
14692
17981
3755
8364
17210
11277
9593
2405
5065
1597
15416
7722
8787
7693
17256
4192
11559
11001
3068
7766
5664
2610
11622
14221
12008
304
5255
9117
8486
19463
19604
13962
16979
7549
1458
6636
17078
2382
9511
19993
12330
11274
2766
9173
1095
3492
9459
6789
17876
2945
1880
6155
19038
14398
15517
2151
10944
12367
8589
9383
3517
19752
11678
13731
10136
1496
10128
13153
14103
5324
3964
15462
9221
4968
13674
15566
3407
7688
17499
5788
5752
9725
7152
14850
1798
11226
9158
18420
7879
11871
4976
14008
2525
14703
8238
1473
1852
5508
1508
1862
12964
3183
19545
12896
18519
59
15253
2963
16581
14964
19886
19453
12943
1672
12490
19213
14060
15191
16463
1404
10682
7069
558
19949
16707
572
18031
2456
9954
10139
16662
2597
14163
8856
688
8901
13115
11564
12855
18786
4278
590
17237
13101
10601
13877
16102
12599
11164
7118
6753
3035
1479
15762
3243
6717
16597
6859
9809
2998
19749
3904
16515
447
14000
2149
8196
11855
15732
7860
1187
25
6782
11470
17757
2646
898
5125
11003
14406
3010
17749
4868
18587
11027
15856
8260
14717
12555
17123
17124
2652
2383
1749
18194
18920
15626
19753
16822
8163
1596
13696
957
1
15653
15575
9295
521
19711
6809
8128
16982
15928
10850
4077
7098
58
6471
9197
14993
8279
6232
19775
92
2401
6039
13743
1286
19125
18658
8814
4272
14443
6210
15962
7415
7084
2298
508
15917
3933
6343
10250
19619
6014
15233
14971
8489
7908
19007
11589
10747
15817
4283
14511
4704
2907
13642
11339
10053
15384
15235
18348
5008
13641
17769
18279
15716
17677
412
13412
10244
2154
16459
15687
19757
4152
1663
8853
14579
17139
2477
19079
4500
17439
17452
12563
9128
10744
10523
17584
453
1608
14179
13373
10653
3630
9801
8798
3886
174
7914
17983
3014
18978
18887
242
19606
11242
3513
3034
5623
14044
3166
17622
18077
4101
1141
10757
10326
5109
16037
13240
2575
6928
5160
18467
8333
5877
18961
19978
2916
11153
6899
14582
4332
9965
1893
4490
5066
14094
7460
18088
13015
7741
5379
9947
9367
17618
6269
19037
8388
18678
19310
14318
15268
5064
14351
18179
12317
7799
13867
18882
16292
13158
13618
16631
17861
18017
5019
8292
3288
16831
7040
3762
18626
17163
17921
5683
17978
9389
15521
18498
8190
19603
9417
19236
16726
16151
19123
10823
16978
16112
15595
18783
2091
11588
2201
5722
12294
2665
9099
12097
9893
6410
8206
3246
7768
14113
1333
9300
19715
12229
18714
7870
4607
17400
5906
5020
10083
19763
2549
5575
9171
2443
8763
9883
2872
12322
4690
14931
6337
5113
6444
4058
7209
17248
12975
1402
7962
1046
9840
689
11562
8348
1366
10275
13001
2483
3773
14107
13418
2581
17968
479
14363
19935
17169
3520
12566
14306
8744
2362
4574
19424
10028
13251
16916
13456
17693
5152
4652
3021
15545
5096
12468
10144
4133
3353
8137
2445
16373
6213
14506
3365
4576
7885
13474
40
8767
15701
18339
3867
15405
14161
8251
7337
13334
7709
14480
203
13727
17482
2437
952
5774
18210
8535
1548
13365
4661
3727
19272
17042
19280
9058
539
5521
1534
16298
9768
12253
7702
2602
11116
12749
4015
7264
10812
18025
17866
19829
18388
14123
18285
1738
8372
7367
7452
5026
6397
4393
9983
6467
5884
17862
17384
516
16095
4345
11935
3317
7658
22
6505
17603
3151
2249
15631
5271
1156
13924
5525
19787
7112
18682
2000
3514
814
1936
11522
4006
12184
737
16873
19230
9436
18479
18282
11947
19417
6184
19254
9368
17558
8141
15088
10359
8882
18879
16782
16192
4823
13916
14205
19723
2970
8337
9800
3844
7538
4972
5905
14230
3319
7793
3795
16030
13333
10216
409
5644
6892
13689
9416
13372
10561
15263
6908
11691
3907
19211
8644
17849
5597
128
10714
7235
14831
2599
7944
8973
7010
16481
4131
10957
17175
9528
17172
4212
9050
11807
18967
410
4309
8381
19013
9414
6078
1030
8629
10814
9901
11891
3672
10252
7377
6652
5167
15052
13139
5886
3792
18591
12341
519
9719
10002
18013
2589
13458
4834
15232
4203
8415
9543
4323
9558
11039
6969
1897
4149
2596
8733
7193
19023
4274
4493
18589
19358
4066
10798
1855
3833
10188
18847
1201
7354
2094
15713
14995
6858
17028
2110
14196
2717
17294
5337
1273
17062
15787
14969
8093
6423
17519
11260
6251
14997
6825
14932
13681
10284
2491
18948
3955
9646
11069
10883
157
12271
9862
6696
16490
11517
9464
15077
13855
4346
11450
199
15840
14030
2662
18341
3102
15911
1515
8037
835
18895
2887
11215
14475
19644
1154
8273
2078
4583
5314
17922
10354
3759
13883
11607
14087
7177
7783
9287
17043
18328
16388
16521
5327
11040
11142
16528
13411
19635
9013
10636
6110
11247
19653
14364
3509
5059
16837
19640
2159
18407
4641
8021
11614
6190
6600
7761
730
18350
2953
14649
5171
17772
3125
12292
15549
12841
2544
2969
774
10462
8094
2956
2350
9744
14232
10302
14609
5489
4816
3428
4014
10648
11795
2980
19623
8376
19085
14147
14495
18209
2954
16123
9863
8048
17728
14958
9344
18727
5158
8087
12648
11704
885
1715
3451
18708
13779
14294
10358
8844
18733
695
19386
6590
4575
10870
10178
19837
18992
12448
19799
16783
17780
7800
16005
1540
9730
8891
15179
9313
5425
16226
13794
3938
13020
6493
1905
6298
14165
15778
158
173
4672
4219
16532
14565
5457
12035
5707
818
897
10005
5763
11170
10618
4480
14257
12716
5695
13258
9425
15474
3646
14322
16546
16499
3978
9072
16595
14730
7526
4371
15582
619
8643
5564
273
115
8839
18267
5826
2837
5424
11220
8703
3583
16070
11460
10000
8970
1300
942
7884
2080
13353
10221
6249
2278
15327
18680
7292
11694
16879
12897
18504
1454
13093
7953
1170
15418
4144
9376
15659
9855
8176
12258
11102
1700
8416
4139
16980
15881
884
8108
7697
10034
12976
838
10089
17559
1426
6692
8064
12224
4821
13574
19377
8825
2208
11634
9897
12876
16932
19522
13975
7514
16317
3054
9101
4725
10743
15502
4040
2711
19674
10831
14712
9124
10069
9198
9937
18450
7402
15308
18643
12062
5346
6060
18447
14185
9774
19157
13629
16309
17708
6549
2193
14392
17759
901
11905
1633
839
18091
15500
19184
15480
15821
15381
2421
3120
19684
5388
11893
19613
15414
10845
17224
14355
1773
5002
9435
4034
7252
17936
9222
6727
6252
18486
6445
12233
815
14673
18523
19785
19015
469
5163
1907
491
5224
12372
18676
6329
14606
7938
19279
6531
200
8403
9390
8992
17830
17870
1417
5581
3710
16622
3467
11584
16142
12111
11315
5030
4779
3519
5995
2328
12206
10794
5341
10695
265
600
9219
4550
18688
18340
12049
7641
19827
9399
9691
9810
17283
1491
2648
17824
14246
16421
7510
19899
10984
12917
10564
3065
1050
18125
16164
8806
3336
5688
13547
11348
8873
3067
17713
1237
5481
4577
17456
12837
19483
9867
15435
10685
12268
9100
6320
10474
15932
7753
18848
11080
8783
4425
16663
7737
6574
5895
5953
12211
9913
10173
8611
3078
10420
2617
7278
7861
12946
4772
16870
13002
17775
755
3061
19293
5153
19384
4947
14098
13292
2009
11546
12872
15737
750
16312
11667
12192
19714
7330
9922
19175
5720
7565
2964
14018
7474
5352
2585
12378
10694
15523
15539
16409
18487
19596
17346
10556
14473
5991
16008
18383
4784
18675
14830
3331
9763
17107
9023
12862
15143
14261
12368
19277
1871
9663
2499
3990
10866
7876
466
254
14645
15134
17601
9441
14293
10084
4427
4114
5404
10387
10887
11323
8915
7183
6144
19405
7178
14183
18276
18436
10033
2170
2531
5727
14765
451
14596
1931
12774
5022
15693
18822
12609
10113
1844
9002
1150
2017
19639
7820
9492
18085
655
12725
16381
10164
7623
896
19793
13810
14783
4245
19297
15260
16201
14668
19940
9320
19103
329
10063
14404
15591
1322
9291
17704
2906
14814
12156
6132
5815
3489
8794
420
19351
8224
151
4542
1057
11723
10841
14926
7667
1818
15312
2417
8803
14194
5482
5700
10141
16648
1287
14198
6746
4496
14100
1345
16127
9596
2672
13105
5566
848
12039
11336
17835
18839
7559
1173
17488
9683
5268
7582
7319
11989
11298
4308
684
1650
19328
6556
6479
13513
6016
5124
11958
6780
9724
9606
14350
1223
10040
3832
14119
17033
7511
983
55
2057
12482
1217
3788
10361
17711
2105
3278
5460
8270
6008
1915
12132
9738
19645
8218
15921
17776
13322
11940
8509
505
4631
12382
5716
3889
19942
11444
5836
18268
2189
13257
8113
3420
9562
1643
16897
8660
6033
64
17856
8965
13081
3154
19458
9106
15207
5191
2467
7731
3453
1874
16311
6952
12096
5433
16858
4498
15724
16795
16812
18398
5298
15689
9406
10857
13421
13483
14093
10987
8422
18491
3016
15345
18213
18965
4348
17370
18687
14482
12973
13344
15296
6890
4853
1183
6878
4445
10377
6852
9254
2899
7247
14847
5106
5121
9844
14149
2557
7201
6961
13486
16055
17896
6236
3369
4705
6700
17180
4389
210
12546
11453
13948
6673
18120
5607
10652
12308
18846
10655
9116
9129
6962
17002
12146
17702
17304
19756
11945
6883
18481
5801
12895
17429
16456
8378
19840
7729
15775
9256
8145
11198
9753
15617
5364
3214
16660
2389
8834
14431
6018
2153
11302
8294
86
6841
19359
7301
5357
11430
10911
6243
119
8247
17786
1258
9985
18347
18998
19617
15228
19095
127
8713
8715
905
16217
19817
10559
8663
19165
14787
13409
18790
16165
11682
9400
16042
3645
12508
19501
16516
11386
15496
12019
888
3902
19681
5416
8515
282
77
9604
17201
2626
10009
5963
16818
12150
11789
6619
8387
19203
646
17678
3370
12810
1784
4904
2162
9711
16051
12478
4676
15358
8050
1873
13538
6115
808
15717
18956
15820
14295
8988
17087
6398
19227
5511
4448
5322
16335
18666
14099
19879
8066
15924
8065
6559
5362
16884
9280
5093
4134
5445
8685
18800
1999
10282
13004
10824
9771
11344
3906
14447
11051
1660
9121
9869
16180
7844
8063
2174
17086
12353
10945
10253
4677
11920
13013
2517
8282
2205
4484
6609
4403
18379
19842
675
19039
3433
10637
14545
1169
9613
19555
10752
16519
17715
8584
16587
19730
11270
4662
18401
167
11777
3752
15395
18834
4359
17999
3973
19824
4599
16343
1123
3271
6528
1130
5962
2983
17095
19401
19983
11863
17003
6066
8730
1339
15133
7976
19633
19222
3942
3728
18773
1507
11712
19178
5299
11516
2479
13966
2081
4967
8774
16993
2447
1038
11358
979
19766
8357
15824
3744
2035
17372
3458
8734
7836
9853
3199
13050
7726
241
7812
11133
6537
8072
15616
18649
13157
9195
9740
3389
17206
19937
18679
6732
5301
1119
4055
8010
147
4105
19607
18227
15573
16774
9896
5813
1340
16507
16303
3664
17010
14118
14159
13121
7249
13415
15121
12528
945
5776
8617
4339
7075
1257
12922
3781
17203
4917
7507
7634
1800
2673
11036
11591
3693
11852
5498
2630
18528
18769
14438
19403
15771
2398
5503
2109
5770
7139
11266
5384
7021
9184
7046
18522
5107
12417
15142
11314
3478
14617
14148
8126
8842
16072
4465
3
1564
12067
18095
10776
13123
16996
7678
2912
11936
12354
8974
9929
16637
12974
18488
1728
19089
3657
11143
829
3766
1950
6487
16524
18181
11894
17907
7924
18399
8172
4206
2242
15875
13837
8952
7288
19048
14904
12822
10014
219
18631
15886
10992
16768
10733
11192
1792
8020
9196
6630
10072
5549
4082
17093
382
11147
18406
3424
4623
9507
300
6043
19934
5309
6245
5328
19233
19727
10595
10868
930
10671
8888
19507
17428
10062
13388
15145
19258
2865
11258
2172
13951
1327
18545
1919
19404
17366
15031
2150
17822
13871
13348
9227
13576
11281
15076
3188
3996
331
19660
18187
18665
11602
11881
6411
11432
8296
4454
9022
8365
16323
6283
6513
6763
18969
16315
12094
14549
2800
9111
9943
6454
14076
14658
6017
5031
15450
5998
933
15081
10848
6209
18585
11821
746
16194
6274
7038
19692
13640
3013
18939
263
1006
15999
17509
17292
17442
15812
5195
17046
16006
8714
8029
5194
16675
2973
11501
15493
2299
6684
4430
10996
9052
7815
7621
3950
17726
11654
665
18174
10786
1771
9449
2787
8918
12504
5285
14139
4818
6100
19543
8471
17795
18751
2321
12090
3295
5434
3709
5254
2030
4999
9874
17980
12754
911
2248
19503
6923
1578
11053
4170
18578
8392
10558
4315
4516
18553
10614
17512
5580
7368
2309
6180
10946
19929
13969
8313
10978
15765
15666
403
17213
15980
5873
18934
14876
17251
17812
14670
8513
3837
6072
7968
8278
19092
1140
17321
16796
1375
4559
15612
6394
19080
10749
14493
2281
5148
18854
6664
6272
2536
4764
13301
1017
17689
4594
8951
14771
6288
18723
4739
10869
445
10180
19856
16057
8269
3366
1799
12549
4268
19860
17389
12702
2199
4426
10761
9440
14520
14068
2868
19539
6161
19253
10755
12613
401
6527
14793
13130
7498
12032
16570
14096
10044
9054
11783
3113
17373
9179
15944
19832
1941
4220
8439
8786
5241
18124
9397
2255
4546
13367
18143
15157
12778
14768
9770
18844
17506
5363
14838
13660
2891
13625
17709
18072
19843
6459
7998
8937
11636
16991
2013
261
15755
10617
17264
7987
12985
11884
9603
9611
454
1356
11666
5079
4322
7842
1144
12435
2324
10111
16475
18114
0
14800
19354
3474
8077
6798
12673
9243
16753
11290
8914
5656
17470
12161
10105
7137
6933
8524
15679
3328
10939
12054
109
1099
16207
6554
9940
1598
14171
13923
10332
10
10175
10235
16271
5711
16588
3995
18877
7652
14938
19285
14112
4008
18318
15131
7103
2039
10204
8614
15406
2209
7359
272
6421
2184
8737
9328
2857
7607
12081
18042
15234
13439
11960
19704
19180
9658
16462
12495
6604
7831
11689
18131
18916
15110
11822
19520
12739
15588
4145
14616
11735
2911
13149
4046
14359
16078
2850
19445
18555
5447
13719
4979
10897
1157
4218
18711
17820
3056
15374
16307
19200
593
9791
9716
11076
18950
741
11264
10324
8011
13099
4407
18489
14223
13370
19813
2332
4717
4744
6215
919
16430
3416
17466
16810
2799
1457
13211
2845
7748
12912
6198
1143
2307
790
15946
7067
8645
15396
17902
12459
1612
16948
19534
8360
18999
15089
10843
17331
7986
5058
15356
6004
13701
13234
13066
8591
1970
14666
17910
2555
14408
13895
7522
14762
18819
17435
13313
10998
10964
11338
4730
13672
14569
15646
11288
15654
6103
6525
14204
9484
3912
13587
7123
19489
12179
16408
6517
14131
13222
496
6605
10315
11902
8688
2001
16679
4995
17417
16440
4969
4612
7542
6631
14962
5629
7888
7742
13845
15814
5419
1575
3138
19097
5930
15723
12773
10385
10035
12282
8127
1151
8830
591
10970
2297
2416
13776
2958
15656
8940
14247
3548
19056
1967
10286
13400
8361
2034
2314
17187
993
17174
19439
8044
10732
1408
449
1291
19693
17137
13408
12446
1535
18464
12554
19563
10071
7182
990
11573
18715
5413
13598
3729
9899
5746
1750
15005
6586
5619
19567
16237
16344
9824
2459
3698
9713
6557
6731
3538
13148
12658
3006
3900
4305
14245
3503
18536
17329
9936
15197
8343
12100
2869
12801
7969
3793
16574
8115
6836
9248
14620
961
16887
15663
11877
19427
4529
10132
13972
192
15589
10662
19672
17507
8032
7576
6644
4256
10644
10152
14893
14309
13375
13248
19880
5132
2489
11571
6183
17826
14578
3059
6353
10942
14032
17616
7425
2867
1796
19881
2713
2103
728
15998
11814
8355
6357
15230
515
2735
15028
6478
11437
6960
9107
284
7650
15427
3829
12204
3861
9864
19801
5571
19721
5926
10181
19777
8695
17850
2270
11662
13325
9916
456
17076
8624
8452
6643
14573
15925
17546
19260
10575
1224
5378
13452
16199
18738
17672
14759
1179
10125
2548
12028
17624
3726
11222
211
5965
15572
10516
16604
6519
18201
17325
19551
7786
5686
16083
19750
2056
10817
1212
8178
19457
7324
16279
11347
16322
2038
10885
8034
2115
17063
3000
457
10506
19473
13943
15413
10489
142
7551
11850
11848
10806
1395
15764
4737
3189
5293
19108
12442
12920
2102
10769
17777
6463
18263
1344
11892
12661
9257
6069
6563
5730
2386
4191
8925
6970
14919
15846
17645
8812
16383
15257
18743
1563
5240
19989
2492
18196
17669
12937
14592
4923
4669
18137
5265
12879
8043
4140
1673
1093
10932
5421
11342
1216
13661
9879
4707
7175
11587
2620
9056
5234
6497
3758
9162
9760
1159
3554
8625
9143
5966
1974
16656
937
9348
4589
1209
16018
18941
8895
16425
13053
8276
8647
2856
2158
18681
1353
16434
8274
17125
18869
15542
16590
5145
17987
3446
9073
5754
10223
19120
1377
9720
9949
11780
12680
5934
3481
8554
2841
18602
19758
10518
13707
9046
16473
3417
841
19736
768
1003
17300
11806
6395
4608
2729
7804
11150
10788
18866
19059
4960
11074
13847
18731
19735
15826
1911
3732
18925
12828
1837
9592
76
9247
17006
12379
2836
2295
19505
11686
10137
5919
19333
16254
2905
9467
3532
3430
163
9600
15587
8320
5306
1576
1743
3017
2175
14077
5975
8574
5692
18311
783
6562
10540
429
4527
18499
14262
1711
2165
18303
6978
1975
4401
15292
467
14290
1084
18890
5056
10054
16498
11325
9137
3261
4224
9472
9987
1405
6163
9487
6967
13655
1710
9075
11382
17144
8465
6922
19734
17420
9697
9439
13057
17478
13995
2041
15673
16645
5091
5251
11161
18577
4226
4922
2866
19323
15959
17608
4606
2653
17912
12087
14937
7318
2590
13814
1821
18329
15086
16730
14934
11527
17494
16453
4033
3236
9656
12123
12463
1816
6204
4785
18325
17377
10467
5767
17799
19996
19984
12531
7668
17652
1827
7404
7615
18413
3349
15313
2995
18440
11632
16808
8258
13935
14513
1215
19402
3956
7851
1806
8953
4554
6107
14066
4418
18104
9228
6998
12603
10410
19636
9402
1676
617
4539
5475
9831
18924
10487
16628
1954
15990
9630
12690
5446
4540
15647
7160
11924
335
5783
5739
2822
9618
4833
608
11981
13907
7238
16031
4102
4611
4143
14683
4035
2920
12709
10170
10472
19336
8431
717
12605
4397
3802
18885
12763
11463
13044
11090
9360
13147
8362
9568
12953
2530
16586
9266
15352
17015
694
2895
19572
2577
15497
14041
14038
4778
8551
12454
4998
18569
17650
17918
2469
9728
6466
9063
9569
13804
1644
245
10549
11965
17540
5154
17100
2796
15068
12086
11243
5829
12167
7590
13900
10759
6501
10792
481
15734
15126
1493
188
11655
270
3991
11461
11658
17688
16410
12346
15751
16642
13023
4205
5033
15333
9607
8758
16451
8759
18712
13351
6344
4622
2
6206
2709
6632
14504
11409
11874
17904
13752
3613
18302
9297
14142
968
14503
2769
8300
1220
15777
2432
1438
4148
10930
15394
17722
15276
16159
94
11508
11651
9007
10030
14949
1444
12246
9030
11867
17636
16875
8894
1634
6921
8704
13075
3106
5437
16476
19541
14521
3063
10209
13889
2251
14686
17574
9460
15107
14908
18397
16262
10609
9152
2020
15700
11776
5044
9695
2747
4188
11773
19281
5477
585
3873
14751
17671
10819
10935
2676
5206
5604
8186
18706
12928
3200
12638
19894
9461
13611
3678
12865
1552
6801
13466
6384
19668
5978
19608
124
664
18563
19044
3400
14737
9651
4342
1588
9437
17288
9669
10431
7656
4136
5320
14935
1530
19241
3542
8827
10029
3866
9881
8228
17094
3460
10526
11724
7866
4338
19376
12939
5677
8397
6079
17811
3622
15827
11375
5049
9567
5761
17679
14984
6477
16889
11068
15525
10197
3550
14824
18301
16598
16909
17612
5399
10051
5045
5633
6201
10226
9839
6037
9205
10297
11296
12401
13054
13368
18189
17408
3946
19960
5729
15923
2968
4566
3651
19952
531
8819
13140
5738
16068
14218
7779
12116
9082
2593
15912
13599
13504
11098
12698
18059
11146
2121
4075
12024
5599
2768
4934
3649
2775
8984
14864
595
12371
39
11797
9667
12038
8481
10036
17143
13299
7413
19046
12594
14006
17623
18089
13852
2707
19602
12933
10465
6733
19020
6735
15083
18176
424
6772
15320
8618
6492
3533
18258
14974
13260
9751
4494
12105
15935
3998
12036
10419
17013
6739
10231
9673
3824
8833
8887
14788
2685
7257
12237
8168
14998
6386
19982
15062
16092
7210
16077
9386
11439
18239
8478
19294
4910
6401
14451
2488
3147
14169
7573
806
12363
19362
14332
12102
12422
12751
12675
16694
5499
7130
5630
14556
8702
4720
13484
16250
2046
5229
14167
16745
15146
17278
5744
19093
4528
2404
7500
7616
18635
1693
13848
1423
13511
10647
6828
5361
2632
10723
1094
7708
16314
8466
5042
15245
16680
2129
2029
15686
1595
11645
3876
8409
6545
18366
2126
15025
10641
12674
8144
15526
10726
18286
8253
10940
6742
2200
7150
13212
2042
12543
15522
5678
1363
12165
4989
14697
16913
14877
1376
8859
4716
19581
8040
4845
7591
16898
17761
18293
4377
10787
18246
3999
3992
2521
3122
19332
9139
8017
7196
12807
12798
5834
18224
3733
4485
1425
8015
1489
12455
11792
18919
14138
14324
10585
9942
19406
9542
7592
17167
8261
19925
8570
5639
12402
14885
9098
4065
2702
16994
16607
19329
4461
9902
5253
13764
18118
1895
3119
6815
168
11145
13988
38
19650
17204
7984
14193
4376
1132
1501
1654
4092
1858
9324
15837
8777
4260
5976
18579
4782
8370
13217
15610
14028
10399
10803
9557
18097
5122
15901
9969
10333
11233
4458
11395
8766
2567
15173
18053
19839
18067
17109
8729
12819
408
15983
15722
11155
5436
10369
9721
10404
5824
1740
9163
11445
18622
843
12691
15154
16281
4368
4163
1107
4039
17152
2192
7934
15273
11389
234
2256
7305
3280
2551
7265
2084
12753
17720
13854
4697
7811
12241
6716
18543
2770
1851
7854
12656
17270
19084
4111
4711
10066
8207
8494
10784
9968
14258
2197
16306
16004
17738
8607
9857
18798
17166
9357
922
2847
14685
14901
951
11603
7601
18123
11509
18684
15920
10320
7418
947
9510
18327
12380
11306
3323
1470
13289
15084
13715
3926
12516
11505
6030
6701
1298
10225
11056
14930
12966
17794
16779
14899
2812
4169
15336
2250
9083
12622
13890
3316
9051
14574
11334
3304
9820
10151
12715
10876
16734
13246
13965
3356
10965
16218
19968
18954
9904
19691
1025
9102
7890
3556
18443
13878
12424
3686
13498
13437
2098
575
10511
13503
8054
3694
12252
9304
3769
9971
11189
8384
7588
19951
18959
16868
13461
18811
19910
12679
10413
11038
13432
15008
6286
4734
5988
5494
5980
11207
8962
4824
7121
9134
14081
8033
11234
12637
18402
17363
15306
17165
16953
13446
4614
13272
10718
7832
78
14875
19497
10988
10893
19526
6560
8761
11202
18433
1343
9176
15130
4204
19941
9150
5157
13071
9996
3546
19609
9066
15807
7014
4236
13239
19216
9627
18393
3248
12203
17935
11093
3367
14329
6756
10623
19872
16480
6670
12400
6573
1963
9559
18265
11176
4653
13428
19043
11930
7878
2130
14543
9601
4786
19110
5650
8936
7850
8564
2880
4667
15285
2658
14599
14835
17228
3091
6942
18153
2545
15113
8082
8558
18043
2870
14816
12682
13399
953
18135
6642
19058
13940
4269
14591
12065
4938
1226
1774
17950
3878
13556
16428
9004
19745
1580
12243
15519
9281
15698
18525
18165
19980
18076
7447
9423
11741
7298
18039
5165
13083
16104
16290
7357
12281
2120
10058
5682
14791
8519
7262
8507
5860
8641
4441
16482
8593
7942
13619
557
12171
1680
18044
3488
4054
8547
5119
15371
17277
18035
15317
1475
2090
19702
7937
9918
436
18517
4214
16864
12721
8446
12881
12006
2449
9209
5572
12251
6800
14016
16286
12323
3036
8821
4832
13983
1484
5315
2303
3241
10356
15907
69
10169
2675
11687
17705
6342
10530
1923
3293
17737
2423
4625
4069
19001
10327
13657
11760
159
8369
9775
2428
17781
4724
9701
3808
6992
7027
13329
11743
6136
1368
19342
106
7637
7336
13705
2889
16101
4749
7270
16502
18609
1940
5392
19478
15310
17897
17860
8534
17975
2633
8110
11770
17823
8437
11873
18451
6203
7017
4455
8764
4024
5699
12440
12318
12796
15691
16144
3311
12938
2696
18271
7431
7110
2474
15761
18936
1721
18175
6972
19396
8858
4080
6648
14822
11767
11615
6034
11750
7855
10439
965
18492
16204
16222
8792
12196
15546
7095
11506
10856
5486
9424
19031
8753
13473
4186
18767
2896
827
12608
19776
260
16330
13410
4738
7212
1778
4386
4189
800
17956
14108
3374
3856
19118
9453
3095
19289
3712
18628
324
8654
17101
19047
3565
2425
15752
3401
3190
16110
11464
13554
7696
1380
182
8345
13349
13311
10625
125
8484
6194
19315
4565
7083
1016
490
17132
6891
11406
1365
5282
4828
11361
3459
7008
7797
5089
8099
11467
15492
17533
8149
4091
4286
7814
5325
14594
11967
14868
18533
10991
67
5958
17358
2740
16026
18778
156
17285
3172
14146
12653
9769
10855
16623
1153
2493
18438
10300
18026
3086
14939
1348
13811
4933
6603
7087
11388
10735
369
6659
18092
13692
19397
6458
705
428
8969
2804
10858
1108
3612
8917
14249
12506
2083
13520
5117
2788
12076
5820
396
12151
7564
17770
10077
14315
17273
14124
8668
17970
5223
5231
15118
12610
1998
8451
14402
3471
5035
946
14237
12571
18172
16185
19664
6771
15884
18207
15774
3422
19955
6350
6462
5009
14558
15124
16337
17287
5507
7120
15289
13168
14436
18804
4822
15445
4174
6339
132
16771
9019
6429
1498
13919
1487
12344
16815
8680
934
13884
1274
19584
19760
10738
1927
14535
6250
12084
2163
5879
19716
1647
4748
2852
16390
8586
18198
949
19061
4491
6822
3699
4914
19139
10307
17588
16550
1090
7380
701
18770
15712
148
19610
1828
16653
17663
1040
6655
4894
1468
7834
5412
9610
4449
8223
5443
8335
7037
17308
2099
16065
8097
17958
3381
16906
9597
15660
8277
9434
6829
9938
17552
5414
15115
176
4402
6271
19426
13981
7443
6052
5244
9723
19909
1624
19302
17096
2724
14160
18549
16539
5010
10554
14180
4538
17639
889
11413
12153
5441
9739
12483
8741
9584
2294
5907
13964
5946
8682
1388
17598
16527
9284
19435
16702
5305
17410
19511
15266
19159
6193
8602
12834
15848
17023
16664
17116
14818
14117
7030
6139
8351
7774
19149
17893
2440
10073
1976
5909
15182
19214
18988
2497
3375
16484
9450
15423
10392
12772
8537
10584
3607
6903
19446
14672
15079
10496
19919
1285
9811
3715
15486
6943
7015
12497
5883
6012
17074
12545
19570
9847
16433
12982
12929
6279
12418
8865
18507
11252
11953
19477
6031
16547
13668
5925
6099
3221
9549
6261
19373
8529
2618
2343
3620
5839
12949
5685
15359
14517
15520
13431
11398
1238
2267
309
1947
9861
16905
11172
12552
12397
15058
6718
1804
10337
15556
7020
6169
9432
5661
177
970
13802
16805
15681
3045
13448
18037
12794
17962
18695
13204
19779
13827
9481
6370
4017
19717
4722
4638
999
15808
10469
19915
9817
6674
17675
8375
931
14547
15628
10452
3697
4280
16328
14047
2506
4846
12303
17395
11758
15511
19863
15867
15736
9886
14343
17035
12636
1313
7789
204
15524
14719
13979
10521
19780
1617
2767
1269
3195
8869
5063
15014
14056
7032
18501
7145
18163
6854
8746
15870
2888
9708
9175
10264
15915
980
2258
2819
4334
16847
16140
12093
1232
8784
9203
10408
12521
13358
13876
12472
289
2690
3692
129
14387
15976
5732
15153
1953
15103
16509
1302
2827
17664
5500
872
15442
3007
3423
1542
16769
18616
9920
13740
14135
65
17632
19133
17202
763
19234
4057
8939
10908
16910
17284
11236
6589
14891
15720
121
10080
8672
11688
9788
8319
12437
13846
9103
5193
16750
4991
19252
7562
3739
15629
6051
17299
779
19452
4810
6453
7889
10031
6324
17937
3230
18957
1120
5756
16866
10199
9148
8402
14304
136
19874
14391
16377
19642
8057
19423
17733
3043
2466
16842
12704
8549
17643
8331
16688
1602
3711
374
13748
14061
16608
13230
4053
2301
13200
15244
3283
2340
8880
18344
4215
15458
18547
16431
36
3301
15514
18359
3132
13751
11557
4671
6980
12219
5537
7752
18354
8790
4354
18474
5859
2776
1930
10544
1526
13861
7427
15544
5910
1202
9786
8055
15941
11566
18521
9224
10842
8899
9737
11011
8036
8871
14913
1506
19924
19557
8283
19271
5534
14489
5793
11282
5899
16505
12287
14120
8628
8216
7296
4659
9574
19436
17208
14551
6542
15894
13888
9499
997
14585
5290
6965
4701
5715
18586
17327
1653
5876
5016
13859
5143
751
3203
9674
4333
12770
4398
18480
15051
15584
13768
4813
12558
16721
8133
18595
6787
6985
5274
19494
13479
9343
6440
16788
12894
1065
16904
15719
16293
4874
11396
17091
4561
7817
13630
13137
11609
11158
4916
18896
14176
10532
8542
4850
15465
2371
17932
13902
8220
5989
752
5329
4965
19794
12030
18613
9026
9293
9819
4732
1878
1000
12849
1171
9017
10012
538
2894
2049
5634
14394
16800
15585
4404
9990
499
11271
17979
18055
15386
11778
16536
17065
2935
19605
6979
647
12697
15120
9381
14518
3922
19317
18782
8885
11745
19250
18375
13851
7202
15677
13803
11904
6077
10950
17741
1058
227
13100
2510
18771
18670
5374
19112
4255
12410
5288
5894
18997
938
16267
7475
13387
12903
5812
13006
18520
1697
18871
569
1460
2279
18121
544
15323
19196
8210
15469
3817
14911
1959
1793
7239
8982
7471
11441
5742
19162
4598
6292
8497
17450
1657
1620
19447
8666
9322
4988
5768
14754
15301
6551
2053
19352
18776
19318
14238
5861
2359
15507
7493
13801
18891
9225
8913
15805
3885
13664
13974
14273
14870
8185
13770
10999
14613
7528
5882
1172
12000
11737
4180
5267
19891
18561
10218
3549
12927
19150
4037
18232
4648
12197
9329
3747
10853
2587
2033
15439
9057
3300
18857
10274
16487
15833
14928
3108
10548
17630
11900
15547
17498
19357
18295
3954
3815
4351
16273
17647
13604
12266
7685
1043
19988
12891
15370
19063
5523
6438
16596
143
8845
725
13507
13873
3783
15441
194
19232
12444
14796
2794
13824
13583
14499
3780
19818
16613
3238
563
7381
19912
18669
9784
5528
3352
4696
16992
4298
13282
1037
9393
10450
820
4618
5583
15513
3899
172
6133
5880
15332
3228
11379
9793
12250
8467
1813
5133
842
5885
1312
1349
2347
12385
9283
15009
9591
3633
17534
19012
17698
11072
16646
1692
42
6948
7349
11154
859
17539
19677
8769
10835
3039
15351
11261
15984
16163
18052
5465
11629
19075
10243
6081
19467
4238
19809
2526
12056
5242
16947
5954
9068
10630
8508
19462
18430
17034
14628
19344
738
15424
18700
17092
3772
4530
1009
11582
15579
7630
9392
17680
7954
6885
7185
3619
4977
7577
370
15388
10710
4021
1696
2406
16843
1294
15844
18726
15485
787
14604
404
14267
9833
15446
11856
3287
2719
17459
195
14334
9563
7070
18821
16161
16466
13092
3924
19566
14156
4815
13580
5932
12432
8536
3825
17556
4857
17914
10213
19127
17967
14260
14852
6325
2180
4997
13041
8658
16760
3985
8105
17986
10713
17054
12037
6330
3566
12805
2293
7089
19028
19834
11553
1822
5945
16578
8581
19190
17049
920
3518
1293
1928
3940
5281
7445
2451
5381
9420
11843
12119
11805
3559
15495
1325
16491
14562
7956
2125
556
2828
12470
9851
5843
9910
9494
5099
13663
16338
4522
9959
851
5723
17961
6594
1980
10097
12176
10407
9371
1918
9010
16785
18494
7963
14602
19414
1835
6685
4802
13720
2464
5159
17873
2142
5916
17667
11160
2898
10736
1378
12635
9743
11586
5105
4243
6032
13782
1558
15608
14744
2873
13275
19565
7283
11426
18471
85
5264
9145
17247
16925
13897
6880
6237
11746
16778
5786
17415
12296
7456
19378
13360
13371
2680
6307
18692
7293
19903
11446
6924
17044
10758
19470
15803
8692
3001
7390
12384
1848
4417
11882
2727
15553
11635
17471
6612
2187
9306
9231
14342
5232
3562
17262
6680
9442
7260
13800
16561
14684
8430
15297
1917
11656
6722
14795
12135
15796
16986
4072
11421
10242
5509
3383
18911
8725
7857
11221
3212
10207
19836
10400
15149
12647
715
41
501
2737
6688
6360
8287
1160
3818
237
8829
19217
18192
3306
5266
12321
12443
9994
4453
12820
13592
4416
7113
12836
16224
12247
2855
11151
3066
16301
14755
14536
10541
2132
10767
15611
12098
7672
12311
12185
8111
17767
11351
12210
7297
9463
5326
4314
12883
10435
18015
5649
16374
1261
3033
12955
244
19300
2411
1560
9125
19830
13308
17344
16233
13342
4506
6650
3494
5245
15648
17115
15097
15670
14233
16469
2572
18833
18735
4387
1456
6910
2664
15534
18448
4195
5866
16501
14152
954
18812
6192
16404
12306
18190
6275
802
10873
18982
9516
5170
6026
554
1703
14782
682
19938
3609
10279
11713
542
18699
14339
11352
4161
2820
8081
14753
455
2131
8726
10513
13932
11419
15661
4602
3394
11606
18009
9530
12970
1500
3240
10529
3842
11752
18898
7775
8349
13552
3943
18386
17472
7025
8740
1326
11994
12760
17290
1354
1161
17744
18082
11976
15226
15992
10262
4702
5778
3746
11278
16198
1307
18648
10809
1524
18894
16132
16564
7274
686
13921
16652
1027
721
1336
1554
4184
1671
18299
4723
18970
15864
7677
5743
12425
3262
13605
6874
1024
16162
12302
18753
1516
5135
17674
6182
16567
12232
18234
2623
6396
18994
8106
9151
16494
2288
10004
6564
18473
17656
4355
8597
13627
12678
8240
15187
9265
14554
3419
13062
12387
3174
8991
5704
13767
1364
8245
12427
7705
14803
2457
10626
1587
8707
19992
15408
14140
3180
4531
6120
13356
9624
11968
6623
4543
2678
17572
3360
9048
14144
18671
2076
2015
12987
19132
4328
10550
14283
3529
5004
1204
9185
16454
8198
6973
13639
5188
493
711
256
14220
14288
15675
3909
2226
7997
1772
19371
580
7872
16090
13797
2059
1888
17341
16689
6314
10049
4573
5349
16197
15218
17383
252
15329
6179
11319
732
16333
2842
17877
14040
7682
11626
9687
6826
8255
11095
494
1061
9123
11663
1352
2395
18840
9653
3537
5915
19179
12934
14003
4888
13933
5078
6514
1412
661
2356
11083
4385
6925
17613
7063
7363
13608
17541
11895
12733
11286
12915
15277
8573
19071
4655
14488
7290
16195
14906
5969
13187
10196
19913
11259
11659
15707
1840
4814
2942
16221
18983
533
12214
7373
10045
3771
9735
17845
13232
19407
18332
3313
10599
6263
10675
8049
4983
19855
11086
2176
7392
19965
6160
19772
9186
3076
7438
3797
13958
5765
6873
19546
6990
7036
9679
9076
2710
6336
8005
8563
10697
4023
7285
2570
12732
16489
7939
13151
19611
1768
15704
9349
6299
7454
11365
6256
9577
4216
18870
6968
19576
14653
17258
1561
2797
8788
7835
9372
643
7767
10032
9933
3828
17944
17915
10865
60
5050
14790
6159
5615
5758
12523
17154
13278
5210
19148
19443
15160
8453
15349
19977
13842
10391
7323
2782
1694
19939
4549
19004
19986
14133
14757
7662
16240
15069
4336
10706
15366
936
17969
9194
4837
5302
13792
6058
5097
13106
16435
12154
1486
12423
6276
13249
9239
10656
1582
16620
5204
16715
9781
3916
5237
7230
6273
1599
15972
17486
15067
3480
7547
12364
5373
14550
5640
10183
15203
19388
12027
3315
8103
4681
7586
7902
13844
2976
3038
2885
12745
9189
916
7429
8379
3659
6434
913
4356
9089
13706
9032
5269
989
3493
5336
6378
19773
2818
10313
19583
6313
5878
10839
3590
19412
15225
11610
14947
19810
7188
7499
16545
13809
14173
18458
16551
14775
16764
15843
972
6473
17976
13331
3495
17085
3282
11525
15060
10433
21
658
16855
1935
8605
15380
15168
9310
2955
17184
8121
11707
3786
5889
19206
75
8566
5992
7442
18099
7194
11817
19921
13060
840
3258
8391
17490
11599
278
17771
10179
1514
19019
15283
13973
12079
9875
8006
16299
4399
1465
326
7273
11640
13789
7158
3683
7868
15570
13156
18910
13956
18686
4262
345
12708
2817
8071
15379
14749
10289
2203
4293
1277
8229
8636
11594
4076
9314
10378
2989
12449
13309
18689
10425
8850
11177
15042
17836
12607
3049
19888
17890
11240
5773
16270
918
4715
4344
13724
15936
18074
11710
890
19738
15368
13163
18065
10314
16706
15898
15111
6721
16363
10899
10985
5955
10153
1471
1439
8330
4757
2660
11469
3703
6265
1565
8155
7619
707
6547
10863
276
9665
1819
11590
7416
2607
8664
19022
12405
10981
11490
14354
10261
5180
7501
12200
17798
11417
6268
7543
14806
7197
240
6588
524
2566
6128
330
19259
982
16920
4112
11775
12813
4726
16424
15318
12994
9573
9688
7166
9489
6934
587
19181
14369
4714
568
4668
6926
13710
16865
6356
19156
2654
5658
8026
8002
5187
17261
2287
11418
1190
11494
819
15158
6318
19134
3322
14122
16902
6162
15162
1513
10947
7125
14303
821
8841
10547
495
5733
4879
12479
4281
13553
7985
9675
16393
19671
11279
1137
14072
11044
4050
11075
10728
8670
5596
12310
10149
7204
6130
9350
1275
740
11186
6177
11633
1461
2824
16676
14497
4007
9382
8079
15326
11831
4907
12007
14049
9821
17246
2177
18909
3382
5200
17052
6327
6108
2971
9682
5802
14679
6977
12355
9177
13188
8678
8445
6023
547
7056
12665
13519
5840
8526
2631
10818
46
592
7750
17563
7960
13703
9491
19073
17648
1035
19090
5497
17561
8069
5749
15448
12858
11665
3634
15073
659
10963
1546
5330
3436
18532
10121
16673
7081
10926
13048
4792
6995
13035
3670
14681
18415
12809
7275
10192
7825
19163
5828
8454
1399
9431
10353
2373
7608
4060
13021
2061
11485
12874
2583
19421
5192
5706
11680
18365
858
8289
14033
17255
10927
14275
14776
11008
2178
14724
11376
5713
10834
15063
1814
7918
16228
6087
5186
9455
4266
7400
11391
191
7554
7131
6647
12473
13702
10456
10635
2010
9156
18971
2978
1311
1116
2959
2198
1726
15004
18749
11028
11272
18741
11948
8035
4230
11796
15178
5005
15896
10373
15811
14024
10602
1781
19419
12029
15429
14340
3927
13341
18202
3053
3501
2413
3879
904
2470
874
3750
7751
14979
5536
13209
19437
13247
14441
7224
18835
962
14502
319
16958
502
11992
17889
18572
18462
13117
10463
215
18757
7441
18546
1683
12409
18683
10605
1987
6175
15749
8317
14655
5621
8687
17729
9501
512
16040
18906
18619
11018
6805
13395
13416
7994
19374
18564
5248
4330
11547
14614
3223
17497
11790
15204
10405
14004
6745
6571
6548
2062
16639
17443
17138
13746
19066
14166
1001
5464
10619
2661
10470
16007
7099
10364
19183
12744
18024
2801
15633
11716
15832
14851
5567
336
12194
11196
11149
11507
2699
11380
18144
3652
13840
16534
8964
6710
8479
13317
13637
1504
15695
12559
4836
7068
5855
3749
16723
10117
15262
7106
7065
10725
12242
8327
19194
15738
11135
12395
8816
3432
17821
7186
10976
16423
2733
2351
7240
7450
5197
4303
18592
1652
3774
15813
13242
3948
16360
19700
10052
15020
13175
17380
5548
19102
485
4595
7530
9131
11668
6222
15477
5734
7506
9323
15900
9008
1719
5602
3614
10190
8249
1994
7916
2237
15583
9485
973
8166
16318
6633
3210
7970
16891
805
16776
16407
16176
4475
1899
8595
17668
13830
18590
7433
17483
14951
5982
5478
7386
3299
6122
4628
8012
10476
1591
8947
12259
10568
9238
16681
6947
15001
10318
4178
15703
1249
10098
14229
9122
13675
217
1079
8561
4353
18119
19225
5155
17819
17191
15529
11885
16032
18199
12793
7005
62
8053
553
2346
6830
987
11456
286
12270
18672
17691
15802
9018
8875
19434
13906
5931
17846
18621
8502
12017
7755
14566
2606
13650
10157
3173
3486
17362
16248
3702
17637
15861
11600
15908
15112
4555
6709
9342
1748
2790
11837
18242
7541
7519
13181
10220
7904
18940
2647
3778
19343
52
9321
3553
6894
9657
12831
19673
11596
19747
7384
10502
14217
19589
10910
16522
13017
19030
8679
15982
5176
3717
3932
12838
7220
12829
15259
9263
4300
9868
15123
18810
16386
812
18320
10224
11387
9246
8338
12556
3515
12535
2079
2367
11922
18145
6156
13673
11364
9232
19249
17529
19571
18203
8073
16801
1665
12863
3880
2342
18904
9726
3742
3073
15019
18980
2909
333
16630
18266
10046
5226
5608
6667
13423
13961
2318
19174
13267
423
2843
10500
856
17523
5086
10366
13806
5594
7300
2748
6495
11825
1407
13438
4504
3060
4743
9637
2728
17365
4682
16216
13533
8809
9982
6849
13862
11390
13270
10563
16802
14082
586
18105
8025
3908
14453
7100
8084
17249
19268
12393
19098
4694
19564
16817
5467
7777
18342
57
18760
6634
11129
4940
13444
17582
12631
15473
12499
4242
2473
7691
19142
19523
18306
2225
11650
16025
5043
13440
4201
11898
13839
7690
3896
14884
17606
12669
15748
1592
16047
12518
5479
9759
8143
3966
19515
6850
14976
3596
19455
6719
18288
17504
7527
8491
7472
305
6380
3242
11067
11013
19651
4636
18169
16012
9330
1674
12336
2698
10948
2221
10055
16696
10295
9778
12221
17259
15950
677
6764
10533
720
6677
19188
11829
16591
9887
12445
19869
8373
11119
1397
14476
19800
8162
6376
18617
4304
9636
1253
18540
8977
10665
14537
16945
9704
12279
6393
12359
10613
18374
11943
2397
3260
12022
17785
14428
11823
11191
3625
18080
5990
18747
2997
6489
6022
764
18146
17324
3809
6377
3661
543
12307
18419
1613
2501
18984
1449
3903
7611
11736
16458
1795
15024
1186
10756
16671
1210
1048
1712
4733
12670
11690
19831
5908
15348
8993
11340
1136
207
14484
1758
13728
8520
12588
444
17577
11313
16364
5721
3496
16136
13761
3175
13730
2556
7846
17900
4138
3273
1785
18990
10676
6013
19161
19014
15456
6123
14897
18262
5083
9980
1767
13338
302
7250
12115
15989
3046
1007
8109
18158
13582
5795
7414
15960
6784
19552
13049
138
18534
17160
10587
11251
797
16926
17841
12577
11127
635
10165
6436
15432
7362
7792
14393
19634
1841
7134
17515
4244
154
11225
15810
3775
17326
17730
10717
18377
7154
16535
2005
5779
8389
10019
2427
10145
6693
5870
15939
11977
2311
16100
4479
14
17320
17257
10639
6346
4985
18996
11367
10290
18343
10339
9234
2730
14434
16441
7195
18208
1278
13109
18021
5726
10971
11199
2312
16781
17723
17766
1089
11875
19864
13284
2919
9876
13038
236
4157
15568
3139
18758
625
19442
19460
13485
11136
1466
2762
11500
9465
8576
5218
3528
2214
19274
7242
7258
14143
2361
10754
6523
6289
8849
6019
16266
19887
17061
13026
4061
8642
8396
12480
10130
11073
17382
4483
6096
15664
7043
14292
13318
8721
2073
10905
10118
2403
7625
16890
15216
18836
9785
6738
19878
6094
16966
15953
3145
16883
15768
744
340
7009
7618
15215
14534
2755
18527
11541
12230
1162
9520
12713
7108
14743
15680
13528
8170
16826
1903
14311
12496
17230
3359
13406
19195
8027
4261
15467
14469
9475
4074
17268
7303
3235
9315
12736
2773
16987
15
13362
4071
13178
3103
7849
9024
12360
8931
7504
9426
5331
15094
17350
15155
5849
5794
8140
9229
5513
10702
2996
13
1342
12775
4474
17790
12655
3753
6749
9635
10241
18368
18102
13856
1443
19600
11495
14235
18774
10133
14664
9217
759
5533
4379
8818
18171
8656
1054
2701
618
6020
16211
11017
6009
7645
480
6319
13666
16468
5941
5183
14635
7463
11287
18929
3738
8299
18951
15790
12108
5313
12767
9761
19525
4758
753
10505
5603
15082
8130
7189
11524
19784
8187
7955
14466
8440
16131
7410
12134
10185
10734
10310
6226
7502
16935
16605
387
10088
15334
14542
7974
17545
6368
7666
8455
16900
11800
9671
12519
16114
12255
12547
6483
2461
7669
3324
7466
1707
5961
13799
17779
11987
7589
16009
15344
10041
3116
2588
14385
11669
7539
11919
15287
10120
18884
11544
18779
10266
4912
9110
4288
1649
9829
16714
10398
18019
12560
16820
18567
14127
17683
6372
15822
13043
13813
14464
2739
7162
9992
4943
10423
17927
6301
5278
13146
14785
16962
19251
8711
2436
10764
948
11101
1497
2931
16464
16983
11787
17173
16833
7176
1622
12887
789
13502
10997
1447
17717
14065
13869
18797
13169
13683
12011
13231
14540
400
17215
15739
19191
14652
9182
17589
5993
8896
19440
11422
10138
16200
2982
13946
7717
12569
12649
4842
18859
14956
11292
13557
17209
4137
19275
517
15623
4442
16877
16609
13176
2527
520
11328
8553
10043
1008
19987
12525
13027
11671
18096
2795
5029
2108
12756
6049
19985
19313
10214
19353
7745
16692
629
12900
1328
6383
2825
7127
14728
13152
8473
2326
9995
13788
5390
12016
6045
7448
17762
12945
8943
15161
4840
15180
15430
16523
12720
14630
15247
337
14965
18033
12624
14079
14856
15181
966
5343
10955
2921
5429
10770
11082
10705
13481
9884
209
5904
8164
7374
14372
18439
12741
17874
727
9976
19532
17548
3869
11165
5867
3531
418
12914
5984
9003
4287
4578
11455
2966
13708
17161
7085
4703
9654
2725
14624
7927
1071
19256
10986
19588
9292
3736
12804
2113
18351
1180
17057
3185
18864
4497
16974
7237
9353
7910
18942
13899
18831
17885
13643
10048
18780
9955
19128
11310
16508
14584
17454
10920
14524
12429
19368
13531
18977
13045
15135
986
17303
9777
8250
11830
9594
19945
17487
895
16391
16384
19601
13926
4432
9059
18593
5857
9871
17943
4150
3462
19422
19480
3799
4227
1086
7344
10321
6002
5673
5483
19305
4373
3714
15552
11031
3403
19348
3411
1736
13543
5356
6065
6606
7
2128
1640
18566
4994
3097
17077
19408
15501
16775
10003
13790
12010
5227
19770
10177
15271
5535
9533
14860
18529
6875
3581
12981
4511
11841
17444
17942
18636
11725
5689
2839
4666
10172
2286
10443
4553
10441
12885
9132
12629
13497
19652
2157
1920
7897
1965
16511
16829
4089
9090
18756
12095
5832
7523
3178
6691
11378
8102
18142
10011
13970
18277
6946
9165
1511
19481
6504
17911
17126
2505
17349
12961
15421
8488
6509
19530
10147
10008
10700
14883
17214
4807
16928
14533
11359
7568
9490
5367
5108
4153
3269
9710
19518
11246
6570
9588
11918
6211
17753
19850
5410
7051
1525
19325
343
3910
15254
4518
12291
583
687
4292
5300
4544
14485
19431
12808
2832
1121
1255
9130
16069
19771
12164
1731
4913
11064
7552
19580
15618
19577
14182
17712
10389
9838
14736
13786
14026
17079
18813
1955
9474
13785
11468
757
130
2546
4855
4881
14479
9734
7302
19238
16878
6792
7759
12139
4285
5555
7421
13195
11117
5128
5766
11912
5600
14740
15562
19433
3247
15049
12548
12329
12324
7642
3893
15557
7054
3597
3026
5854
16375
15954
15650
3005
11448
14050
18973
1023
15883
4890
4311
2381
14416
4121
4316
18269
18453
17547
2923
16021
9157
11941
16247
3408
9566
13759
10670
12145
14300
13568
17196
11326
18511
7079
10386
16449
3631
2514
19337
4172
11110
15781
5918
19804
2928
15535
5216
1499
10379
11820
2933
11876
108
5175
1072
15975
1889
3291
2834
10406
5903
13537
5490
597
1431
3582
10466
13098
3253
15434
17800
12884
6702
2564
12512
9370
9964
3393
3680
14833
1817
4079
14669
118
15770
4176
11473
131
19224
4164
8980
10802
465
7975
672
8447
16003
17070
5631
14869
8697
17387
12688
9642
1254
15401
14610
4423
1966
8938
526
7129
11714
5974
3439
5034
13460
1367
15219
906
11618
1904
3682
10775
6635
18777
17579
18888
4581
9190
15697
13472
19528
18414
16345
6188
2385
11123
6628
3918
4364
6624
5409
15505
5164
15574
8571
13328
1488
8626
6848
6126
4534
11768
660
17318
11309
17933
18991
6521
16554
8312
19413
16418
18596
12570
16368
12026
17359
8911
19387
1834
8621
6535
7988
4835
10553
10731
4390
16427
14454
14716
7423
1722
2211
2429
16056
5284
19969
9164
12832
16512
17128
15964
6876
4820
4688
9986
5348
2751
9575
3627
359
10322
11097
2431
17218
3055
2025
522
807
7007
363
1853
11137
7203
4787
8989
13224
16426
18323
9794
10673
16260
8831
5036
8922
126
5670
17939
10860
15977
511
4898
15746
16396
13090
12248
14890
4727
18475
18331
15172
8883
17162
14966
8878
2363
17051
14612
7550
15561
15636
1398
2426
10182
4975
13808
17379
8191
10342
3426
16135
12540
15763
9011
3425
3022
14989
7174
15776
601
12046
6363
1435
17306
16530
16087
16640
2592
4270
10438
7343
1531
11624
8257
8756
13496
15433
2671
8252
13065
5610
4741
10515
6888
10338
16089
5520
7636
3140
14698
2107
4436
17108
3706
6832
1110
10135
10922
16086
16394
4199
773
12106
8045
4264
7470
3949
5937
8311
1361
19160
2119
9142
602
48
8683
7903
3215
17560
18248
1178
11921
8598
10716
11536
12460
669
16245
1319
16885
11120
4847
18784
16739
8506
17031
13347
18078
7822
18808
16351
4992
1231
16806
16474
292
17479
10498
16492
5502
18075
14729
7727
11329
18641
6941
4685
3274
17865
14278
18156
1887
18101
17335
13529
17229
473
5270
8677
760
652
19953
17649
6959
18251
6455
615
8752
18231
16171
3084
19743
13773
5559
6534
14907
1168
2471
3505
6234
4103
13564
7364
2984
4804
3229
10760
15979
3028
12180
17745
12256
2629
9905
10805
2692
11674
12780
12338
19897
1996
334
17628
5936
19370
14132
11720
8843
4885
17617
10507
299
14483
7180
8944
6474
810
7379
7947
3655
8123
10448
19958
14656
18788
18570
18138
12557
18594
19327
16577
2858
9216
11540
1776
17226
14812
16705
385
150
8383
3386
11738
12365
8955
8234
3133
16173
7724
1820
7512
1637
14510
6461
3117
18195
11679
15267
8448
5168
16641
14975
15783
16280
11648
14097
2656
1033
10306
19923
2007
14987
3524
9202
6905
2490
2285
18444
18141
14892
9981
7371
10255
14764
7169
5323
2793
4059
12724
749
5578
1203
7088
15106
1059
5003
13821
7405
7875
13551
4067
2823
1452
12453
16763
10116
10740
18830
9242
5830
8701
14333
1250
18310
3975
1677
4095
14896
17805
8886
19531
7259
6075
630
9318
16695
18502
2271
3398
1480
9336
18309
6135
5632
3599
3898
18729
8736
9113
6007
11112
641
9628
11926
4302
19466
3307
15013
14843
11832
17312
3404
15830
5950
14629
638
15300
4692
11851
5949
19283
498
4964
5657
8539
17742
16399
15035
7033
14356
11061
3463
3591
18703
6000
2937
5605
8908
3951
14741
2070
19076
8301
3629
4616
13535
17913
10254
14020
459
1714
4961
8117
13612
17017
4986
11063
6036
9141
18938
12215
8233
16549
564
13634
10429
14472
17438
5296
5929
18016
1196
14064
16350
17337
433
4409
792
1011
8615
19765
10022
13449
18912
12562
14015
13490
8022
11569
16989
4887
12121
17475
18103
2412
4541
3098
10303
14012
11621
2532
14770
7266
6994
3074
2974
12826
2565
5439
12662
16153
2037
8390
10701
8956
5531
19153
17517
10508
3088
19476
10499
574
2805
4709
2608
928
17855
5116
3498
1117
12886
7773
9456
7762
7314
9544
10414
5764
700
7317
16649
17690
2571
11801
9958
5538
17178
13525
4872
354
4395
13008
6865
14823
18373
14972
19662
15619
6857
4971
6387
17030
7114
5565
11478
1133
5818
2224
2072
12845
2705
3569
19189
17148
18792
10977
3170
9764
7683
14572
18057
5543
9447
13343
6452
15449
1256
11357
15577
8879
8200
18506
4761
11519
6351
16406
1857
12175
15200
10896
10748
8067
1854
16
17724
10840
10403
17510
17887
15466
5088
13386
4443
15006
5864
2433
18371
16436
12652
7491
3891
4993
9550
1600
6895
15096
5847
7102
10304
1839
7228
6437
9626
15835
527
8016
2384
2771
10919
4633
2849
17837
17317
4877
15622
18606
17040
1751
16472
8442
15949
45
7497
14805
3062
18823
7756
7078
97
6059
16214
11608
4639
6084
6806
1163
16691
14279
17991
2550
19292
4619
671
7990
1338
13420
7973
791
4637
5053
17673
5279
10719
6936
6371
3846
7757
18011
12225
4848
5233
13116
4796
16553
7093
13549
13734
17625
3303
2679
14882
15286
1197
15140
4942
4165
1181
4673
10481
18915
8675
11788
7428
13739
107
2683
16461
14781
19488
10421
6587
12719
9835
16923
15453
1533
12579
10027
15945
19441
15377
19381
3502
6945
11345
14058
11812
5257
14209
978
6408
14154
17948
11178
3901
15910
18283
1944
18211
2282
13236
18140
6257
7231
14622
13174
6581
10943
5277
14474
17113
1318
5438
2774
12327
9301
16672
712
1547
3936
14702
19933
5552
17796
1568
6663
14409
4329
14405
18789
14281
16643
2259
15609
14357
16811
11000
13128
6694
13738
4562
8059
10903
17244
15854
1723
3848
644
10346
16951
18296
2502
2330
3557
2244
9133
17725
880
13326
17432
224
1786
4789
16359
10167
17431
10632
2317
10486
2482
19193
14043
18772
14310
10581
3048
18707
18369
9166
9556
10849
7490
18391
13252
13915
2809
8620
6148
5684
11963
13633
1720
11157
6638
16566
9911
7391
9422
7838
3163
18932
9211
17699
3585
18975
15034
10737
19906
636
12602
14429
5470
3309
3079
16968
2515
4996
19550
18736
8511
17814
18759
13088
15338
794
8256
18008
8609
1630
19391
10237
9999
9841
4699
871
12515
5772
11308
16341
14042
17880
10649
19237
10832
4678
4372
7877
15484
9230
17110
13499
6389
8893
9712
17392
18718
6913
1387
2830
4151
6966
12457
18614
5037
19496
11381
11353
9378
6781
9071
4284
804
15075
19307
15041
14586
17901
6185
15565
17014
7469
12731
16809
523
6231
2960
17022
6863
18090
11932
929
11692
18182
17600
16593
7023
6435
18615
15829
15965
16758
14126
15325
8978
9903
13011
16210
8538
11870
14440
865
10796
16506
2289
3816
1100
8371
5123
3202
7687
253
16000
13820
8159
1869
19263
9154
8203
12544
13219
10690
16419
346
18652
11401
15744
15678
5136
7540
16371
8930
6255
18045
15599
165
17878
13654
11782
18815
8770
16052
15114
2043
3573
16294
11749
12683
9927
1850
15098
16737
12707
11565
9655
7219
9509
15772
13265
5181
5510
758
1383
8754
4177
7080
8616
12991
6566
13684
2137
10205
12948
8512
10397
4768
7409
12044
3965
7462
2600
981
7790
8983
13112
6025
1646
8350
3586
14618
8068
3072
8359
14726
9388
13834
11857
10287
18638
13069
11303
8510
19658
7328
15919
19130
16187
3654
17005
7764
1283
2621
6125
12573
14478
7732
2778
19798
5775
19411
7072
4572
11672
16227
822
15483
17416
17883
12668
6788
5541
8906
16804
17145
11907
10772
17293
14662
7090
15265
4826
14320
18240
19082
13622
16711
187
10229
5731
17462
18985
14541
12477
10804
19647
15729
14248
16612
2864
19683
310
7531
6675
19959
12890
12489
5090
17839
1706
4222
6113
7331
7417
19361
5389
8924
4036
5280
4032
11248
3334
19065
13080
10838
10070
17
5896
19067
11643
8443
13350
16074
13261
18818
14671
504
14909
1297
5068
8496
573
19781
7064
828
4770
19970
6762
12216
13544
11772
1382
10079
7026
3350
15869
11312
6944
9503
14603
18629
13922
7613
8900
10517
19087
19369
624
18100
3372
3527
17422
2734
8799
8934
2897
4365
6367
7991
8631
5081
9445
703
6698
15905
546
7808
6331
5162
11330
15319
13894
6552
11985
16766
18428
7535
6015
852
17147
6326
14648
726
186
8608
2948
19394
12
7676
8482
12366
379
3429
5046
12129
8772
19326
10272
17829
5243
15541
3018
11595
13094
9539
6889
8959
15785
18084
4635
3251
8840
14738
17660
9127
14874
19091
15943
2074
2487
16644
19000
10381
3399
4670
11213
4884
7948
9859
15699
15186
15955
8441
18964
3052
17177
6799
6074
13882
10989
11487
13407
15248
13227
13310
229
17695
13835
7104
17706
17858
17367
3384
19759
3656
15674
18625
3135
6584
15037
14331
1113
5235
4902
14561
10357
7845
11521
19806
7187
17875
3051
16355
12860
6750
6831
19591
19209
17448
8122
12264
2161
5728
18559
11081
11756
5249
10249
9804
16727
887
10087
19484
3600
12983
3126
19688
7408
4042
246
2438
3616
9021
1655
170
13558
15933
16761
10537
1200
8215
3570
3485
862
18256
15741
2743
5057
1433
19363
12413
11030
756
10277
3534
1384
16167
685
12466
9391
16857
14418
17543
2280
16457
10650
1708
6783
6347
5940
10267
6918
8344
18113
13119
16954
12803
18872
2934
18867
15243
7840
11350
9373
15888
12954
9684
8765
13903
16950
16832
19585
19706
4949
1908
16943
18627
6529
13518
11605
16208
613
2568
15504
160
3434
1995
14225
12002
11256
15986
5928
11210
13721
15447
18516
19931
18385
8847
8503
16353
8266
5272
17281
7347
7867
19081
10100
11399
8610
17815
6010
5817
12234
16872
14379
15580
10915
10317
7633
15537
899
11100
9512
3115
15789
15957
10766
8881
16971
18921
13018
2055
8700
5938
813
3002
14010
16703
17436
9599
7921
5360
10259
12326
8340
6338
11744
14075
8876
15838
16600
6498
6428
15119
3464
12935
17783
4861
12992
2667
18868
14125
3310
12750
11567
19026
8474
17430
13145
7617
16659
17642
15398
18603
1495
1585
19991
8569
16973
19364
6057
15895
4056
14732
11860
19713
8104
14722
16592
15339
14308
7704
1881
1445
11729
15346
5420
8897
9206
16320
9223
17481
9120
11148
16841
3642
17131
9709
9220
7640
19172
1004
4062
10960
16569
19742
4098
4162
364
11305
12899
6205
5660
15942
16486
3890
16718
15176
7383
49
3256
19144
9741
9984
17993
1811
12574
8923
10211
16500
5516
16149
16067
8793
4041
1992
883
12072
18093
11491
12667
9159
18322
12297
12398
15125
10233
6802
1010
18108
15645
11620
3077
9782
5463
15137
13671
185
10325
2519
6991
19491
266
1556
17833
6916
10217
1192
976
12646
2335
11254
5576
5491
6520
3874
7978
12800
12305
5292
11410
9471
12867
18837
3535
6540
14384
1510
16756
17457
6164
1221
1734
2096
4028
632
13425
5450
11886
384
285
9172
6827
5353
3141
4183
2018
15491
12524
14894
19042
11899
12362
1934
12996
1802
4265
19599
18730
18400
80
9798
1957
11982
9547
3087
5492
13793
10633
7632
1371
1569
8967
15997
1045
5741
11813
12601
1076
11420
5948
7019
10115
303
12316
10212
11727
3667
4878
16084
10779
8648
8060
1948
17232
1567
19105
5222
10552
17343
2611
1716
17514
18417
10363
11049
7983
12439
14422
10931
12333
19519
1836
13039
9332
4341
1943
13487
16584
18463
11685
10206
15490
18304
19246
17884
2580
12542
4939
13488
15437
8427
6143
7735
238
14272
9285
17437
3461
6971
12583
13623
714
1233
1610
3231
15440
3197
12604
7345
10969
9640
4073
18018
7819
4665
18632
9317
3355
6258
16874
16272
4829
19542
7412
995
7951
4809
10534
6957
17755
15966
5736
10962
12908
1544
18926
1666
13454
12693
8147
8356
10746
13741
1744
11479
5725
11173
2243
11530
4620
6856
17339
9146
8408
3807
9034
3268
12239
15443
18003
9167
5041
14563
16196
17269
5054
13880
1052
17066
6212
570
13585
4127
1909
16881
8414
5748
11434
6602
4921
7272
1763
8211
19744
3011
6758
5468
19665
1134
3947
10091
19145
13132
12343
16340
9412
8394
596
12776
14941
13293
6221
4277
18745
8136
3136
11762
4250
2133
15428
3925
4317
1406
16113
18734
7628
12625
16465
18098
7311
2468
14425
12576
12788
2141
19240
16252
16957
5970
8472
2560
5472
4508
9908
9326
16849
10612
19479
12469
7092
19355
8778
5488
16709
14804
2716
5307
12923
3695
11794
15170
10308
7563
3576
7082
6651
2537
1149
19094
10432
1924
2826
12875
3636
2003
18281
3668
30
12593
4026
10491
4860
4009
9930
1436
1225
9218
12907
16411
12692
13892
11681
10064
11244
18876
5698
4745
13986
9974
14832
8921
12351
1877
6846
12207
18795
18903
6035
14650
4876
13374
14009
9661
7571
17758
18748
2419
16420
15604
6189
16137
5601
11880
12284
1688
14216
4301
17402
11973
13638
16079
14784
1769
17122
7614
7964
8288
3150
3497
5111
11126
16520
18168
3895
3413
8426
16650
634
13427
13445
11866
17719
16712
14092
1259
10956
11006
19670
11105
7604
10412
19278
13336
6105
5473
5638
1020
8014
15893
10427
15202
15603
13345
10551
7432
10184
5529
13033
6054
11693
16934
18902
19415
17977
18935
5455
15411
14074
13382
8212
3881
2101
3292
13989
5865
3327
14396
11915
15662
14570
16558
16997
14950
4632
12722
17409
15600
14590
9118
10025
10006
11798
16019
18334
16062
443
7894
8463
12012
19536
16710
18993
8580
8824
1958
6076
3092
360
14095
4803
8635
18421
15926
10193
13319
7335
13658
12797
12041
15270
18605
56
18845
17354
9570
8038
12290
12273
4168
2943
4160
12765
18554
5624
15637
5757
11394
18228
16402
1381
17149
8650
4925
19027
19201
1523
4963
5956
18600
6725
10271
450
1492
13560
8521
19121
5584
8884
5888
2407
18930
2273
7286
11481
15391
10875
6757
11106
4978
1783
16082
14567
8892
5762
13521
9029
12578
9012
5196
9479
3207
13732
5339
17513
14005
2185
15668
15169
9766
19643
2040
6055
4564
4434
11946
16538
478
4780
10093
16674
5230
9359
6102
3015
10562
6500
11488
9872
1913
13469
3226
9973
18841
809
6759
17585
3868
13010
11091
12021
1956
294
5501
4318
19379
16901
8322
11859
974
6712
1662
17988
12706
2204
9714
17468
5844
15564
19632
4016
390
17707
19722
5395
8868
4141
391
14996
3757
9294
10634
13113
4064
12729
4651
5676
12313
16415
18139
14442
4241
1246
18656
12740
1684
2047
11962
19838
1208
18316
14251
11257
9749
11733
5140
1083
4585
1831
528
2060
4791
18432
14571
12727
12193
9620
18913
14917
6808
7369
6751
9527
16655
4381
8751
15819
7638
91
1206
13361
15039
6864
8717
18901
13569
3390
8421
11092
73
11732
7287
3144
19846
3675
16134
12764
19248
15728
19554
15760
18314
19367
6150
9181
6989
17544
7913
7555
6420
15902
17554
14597
3593
718
12481
17831
7399
16830
13680
7701
1409
2290
8303
6168
13957
1055
19821
11200
15251
1355
1207
7873
18206
8851
10797
6121
2235
14378
14665
12226
5375
17018
11504
10458
3919
2594
3561
799
13475
1106
4753
6277
4027
16601
19135
17568
9031
2323
16742
3915
984
9269
12787
11476
13815
12597
2441
19451
7972
18335
5151
8545
5275
566
8501
15304
8698
13492
8469
15341
8456
14598
11574
3836
6974
9888
14695
8556
15560
1483
1549
9514
12066
1075
14859
11107
14581
14297
19762
10750
14711
13665
14365
18012
12172
2902
14449
19975
18425
18111
17112
5146
13118
16103
17024
19679
3041
6426
10059
19533
10142
8332
1469
10156
17590
18974
12058
9715
16728
3939
2500
3735
8594
10783
14842
15229
19963
13320
8963
9260
18531
15080
18230
13303
12520
8324
18252
15281
13887
19981
14733
14555
6244
13142
11531
11597
1098
12978
13229
17333
18261
18717
18551
510
3734
1411
6029
2219
1092
19808
11996
14661
3988
14607
10913
9705
11705
8867
1266
893
8315
7680
19266
13259
19316
11121
14863
7740
17959
886
1304
6345
1808
18966
17391
16799
6451
5831
16148
14255
14797
7325
1870
19549
12755
18598
1051
18291
1879
19192
5085
13277
8518
15061
1067
11269
19029
15665
2638
12376
17056
13470
562
3628
9598
11975
17985
16054
1636
6993
12315
2731
15773
9469
17803
1066
798
17634
4093
15607
5825
19276
19867
2561
12854
5219
13201
10689
12023
2045
268
1702
14063
7159
13709
7149
17233
14576
3961
5261
6246
2265
16325
4022
7215
5017
5263
16583
12337
2681
6469
4003
9732
1522
5612
17840
19513
10301
19459
19299
4267
1218
10608
5808
12042
19845
19761
6778
10983
8295
2645
17891
3431
12898
12092
7464
1938
7457
17156
14346
15238
17286
3279
88
5852
10123
11206
5785
5179
16369
5924
19049
18653
18007
5547
18624
8052
11657
6909
17863
10426
579
9666
5259
10567
4974
8001
12501
9092
7086
8285
10200
1440
16579
474
3149
18576
6882
2547
11016
6583
5
7155
11197
801
7545
2694
11997
13841
6304
19372
12068
9907
15194
18832
17802
14642
18541
6475
13953
17565
11066
9078
1690
9180
9169
16380
9540
476
18542
19182
7841
16573
12909
13913
3539
17903
9678
6266
13817
4537
4135
8318
14222
12377
14437
15087
161
13524
6291
18763
8860
9805
702
8652
13679
16488
6116
2376
10952
13185
11332
15889
3296
3602
2503
18849
17997
4237
14053
14313
6687
10158
18962
1914
676
9327
16478
17992
16251
14809
16038
12130
17493
2622
10176
6930
8444
11094
14626
742
6450
2058
5515
1765
8480
2380
17828
7859
16015
8239
17168
10162
6053
17739
4953
6793
19876
17655
231
17941
5184
13304
14446
18618
17882
19626
3647
17001
4839
15026
12611
7719
11341
12475
18300
2391
3530
3601
8423
1755
10600
18459
16225
17451
15931
19788
11138
2785
9001
5570
10666
927
8640
16175
87
18298
1158
14746
8723
19448
3864
3875
11285
15330
2358
9114
9551
10202
8061
4129
5469
12859
13389
10168
4915
2345
7725
15639
16657
19916
1929
13976
9529
16400
7018
3819
5845
657
17665
7813
12077
2139
1803
16376
3146
7229
3841
8307
5495
7022
17599
8062
1467
11861
8150
3373
5735
12260
4660
19927
12394
6328
11906
7309
7385
17503
1583
16917
9722
4751
13559
7000
11180
10720
9818
1529
9161
19791
8086
14256
8975
16844
16276
14912
4358
11995
1988
18324
10245
17773
10418
1521
12240
13424
9625
202
17611
9261
12347
9226
10929
17502
19052
3094
11462
16824
5372
9108
5680
4200
3617
2254
2077
607
16790
7449
13763
4002
7105
17239
14758
13323
9430
5177
8226
17536
7217
3803
4335
18865
1031
8046
3344
16178
13036
3993
13747
9271
11059
10721
12267
10453
2914
9623
12220
16899
8429
7856
12217
2048
14501
4084
1195
11360
1713
6449
14498
8823
18565
18212
19803
6196
555
7407
15038
7706
8926
9244
12677
3671
17314
434
15138
628
16115
11585
6382
9742
11035
7581
567
14779
3644
17067
16797
9925
9614
17104
2758
5653
16828
16061
8293
16152
15402
9268
2908
4895
1430
6044
17843
6511
14335
3976
6354
19070
6755
8382
6417
6442
11879
17181
9802
7294
15792
17740
10774
19185
15606
13863
3219
6229
301
14134
18744
18768
6127
9233
13084
15839
4657
8669
1981
2684
14201
11980
19420
13691
3669
11033
9545
3540
17205
12921
14936
4735
9756
15321
1131
15971
18654
11972
10923
5822
15350
17453
13982
7479
1135
14338
17194
14317
7024
8708
12628
10745
3572
3911
18610
4981
9703
11611
9956
545
10092
6392
4175
6697
9153
18893
4590
17291
14052
5215
19732
11908
10642
13031
16903
9462
8328
12511
5784
1532
11528
11717
2308
18338
6439
1571
18817
9000
4852
6555
13067
8267
15621
19870
17670
3437
6238
314
13996
5062
13960
16172
19243
10067
9979
10020
6541
7351
11447
16548
6490
10150
4313
17817
13676
6904
17496
13167
16446
16223
11897
11747
18046
15280
4306
12910
15558
366
17522
16955
8577
19375
15343
12958
10312
16803
19995
14413
7361
9396
8655
16278
9488
11369
17774
5933
6536
7749
3090
9363
14750
4259
9758
19490
1347
15471
12857
4185
13225
213
7028
14423
7396
5172
12762
7578
8346
2186
4984
16076
15316
3395
4081
15512
12689
10546
7140
9941
1280
7703
13034
5444
15236
16319
7508
15978
5069
2409
13866
10459
3606
1669
11071
10434
19754
6819
4560
3508
7548
14301
1111
3105
14619
8728
17199
198
17952
16145
15242
18002
12138
5211
17111
2327
3321
5318
15702
16744
7784
18791
8572
5454
769
18468
3821
3376
3224
2263
2624
17583
13791
14786
14203
6695
2999
11294
17898
18185
15279
6038
13695
5750
13575
8661
1185
15951
8003
17784
4251
5370
141
14915
12977
6538
16044
1462
17710
2036
15715
7348
19051
17564
14487
14468
17974
8028
10793
1627
6868
7035
14421
16156
10892
12451
1912
11058
9361
358
6138
16342
15148
12356
4004
12020
17521
817
16893
7570
5407
3363
2910
1517
19884
2541
955
15481
15882
15239
5585
12995
7170
8284
1239
932
12177
775
10826
18826
14121
4800
17551
16599
4179
11193
5856
3850
12131
10859
9275
14693
7012
2227
13012
16896
3030
262
9415
7128
10909
13462
15642
1309
2642
66
8275
5334
2750
5402
6006
1019
13491
14727
9945
1661
1872
2806
17931
14696
1182
18456
7074
6
15108
11728
11593
7340
14967
2859
18469
14202
6242
5987
2495
11235
13177
1791
169
19335
11538
14945
13340
5011
19725
12916
10902
13025
8171
14328
8690
16970
16125
13144
4086
4229
4906
18152
279
3748
5892
16183
14007
14017
7946
10800
12621
3220
9255
13669
15045
15044
15731
19218
8131
5485
3722
4794
2513
18032
7597
12641
5166
2086
917
13226
16122
4919
656
14675
6797
16615
15862
10966
15195
232
9055
14115
3499
16798
5611
15392
1064
3870
19239
8407
18294
1656
11276
14206
8627
1321
10163
13465
16773
4428
12050
3168
13652
18370
15378
9387
2574
5082
8308
14471
5681
13526
18412
6569
12565
17088
11280
5480
9193
17532
9250
2021
3974
10904
7029
10331
9395
1229
11168
8735
17397
14162
12144
1699
13198
11014
7109
3689
8280
1272
5654
5317
8815
14531
10882
15066
14798
3216
14207
12005
18200
9536
3843
13501
11087
11293
1114
13905
19334
17586
13980
16754
14980
13993
11103
19974
37
7716
13603
2444
6402
14470
17220
6681
12784
18289
795
1611
17930
847
4495
15322
338
10891
14903
10573
11498
16016
16050
6723
11740
776
19158
908
13302
19303
3104
3761
10597
17121
2206
18495
14244
6817
7893
4068
5484
3275
2338
2463
8075
950
11810
14627
16594
7091
14841
19469
11291
18556
14508
19319
2860
9264
9298
14608
15510
10269
14089
4438
863
16931
12199
19228
825
5891
9565
5276
3740
5627
13435
134
15476
4451
2247
15065
2257
19432
18312
3579
17394
11062
18861
14240
5038
4155
18485
9109
17527
15578
11560
4819
17806
13693
1034
492
17525
14136
17465
12889
8575
9616
15012
9065
18701
16310
9978
4811
5344
6153
12057
7147
10580
7077
16261
14277
18272
5952
6726
13714
7179
6861
9718
19006
11979
19654
14494
6109
6300
2745
10879
9827
5800
13268
14734
9015
11190
11646
16717
10460
17990
1812
17282
13667
3987
17764
14386
4380
6671
5618
9733
8706
19990
5942
13934
8667
11748
9502
6939
6147
9105
13355
13917
10631
4548
14316
1668
12189
6774
1892
2765
7446
13210
19908
17212
1240
3521
17240
8854
3342
19574
3541
1416
1641
1675
1724
2886
4731
7049
8898
15613
5985
8928
6166
6524
17736
5846
18933
878
17920
5028
2940
11070
18000
4640
13286
16915
13457
13003
6416
12074
9993
1628
14802
18449
5104
2026
3276
12484
19247
3713
1951
11283
5648
9289
11974
18345
3468
6622
13154
7468
19221
11262
19312
2504
12202
15198
5806
14155
3019
6154
4806
9331
14078
1306
1543
2261
12113
13644
5642
14760
17421
1234
8559
853
7848
3161
10688
18470
10384
2067
15385
5385
9572
19164
16602
99
16097
19767
8286
16096
12064
225
1453
13120
11084
9799
12615
15303
4109
4327
3487
17298
9629
7223
14045
16099
6785
12612
13160
17495
9693
8771
15581
12965
16347
5287
14395
14070
16059
7744
7232
5371
15853
7917
274
1730
10895
9672
13208
9690
14774
15766
2019
5202
16556
7313
19544
6639
18022
17754
4700
19284
19946
18852
19816
7698
17231
11397
17404
2496
4793
7327
9451
8499
18001
8732
12817
15874
13280
6984
15533
11934
2152
14145
14983
1678
910
17842
683
14651
7534
11489
17750
8600
1422
17025
11939
2155
7728
8719
19972
18716
5816
14184
8424
12799
12450
7923
3003
956
12142
9548
14128
5260
12125
8517
18581
13745
14723
9765
12509
13901
2140
7515
1593
18960
3325
3466
6625
365
5646
10813
1518
10822
616
14801
8487
14865
15793
1648
8966
3971
860
18259
4693
8949
19296
3333
9698
5127
5144
15100
17260
13912
9662
6145
17838
16130
5591
16300
17594
15361
11383
19805
14844
6867
13256
18472
2196
15652
4246
18612
691
18221
6228
7315
7398
18244
19416
9649
8828
10109
6003
1566
16699
16495
10830
13945
14898
7754
13068
15708
8890
15890
3571
3348
18205
14034
5161
15916
84
2238
19324
14529
19823
16956
12550
18250
16422
6415
17039
9245
10958
3845
559
6932
15494
1689
19620
17602
17081
8434
2138
8089
15742
17844
19068
17222
9912
19822
7707
9650
3745
19365
8619
2315
3124
2349
17989
15040
14239
19383
1271
197
4880
10351
16389
19820
3312
15438
